0	14744.640000000014	48988.59999999993	0.0	0.0	0.0	0.0	0.0	0.0	0.0	0.0	0.0	0.0	0.0	0.0	0.0	0.0	15632.28000000002	4374.960000000008	68168.0	1773473.0099999942	76670.40000000018	0.0	10.0	10.0	0.0	0.0	0.0	0.0	0.0	0.0	0.0	0.0	0.0	0.0	0.0	0.0	0.0	0.0	11.0	15.0	11.0	18.0	6.0	0.0	
1	13991.360000000008	41600.20000000004	0.0	0.0	0.0	0.0	0.0	0.0	0.0	0.0	0.0	0.0	0.0	0.0	0.0	0.0	13977.160000000038	4523.529999999993	65592.0	1945675.3699999936	80162.0700000002	0.0	8.0	7.0	0.0	0.0	0.0	0.0	0.0	0.0	0.0	0.0	0.0	0.0	0.0	0.0	0.0	0.0	9.0	13.0	9.0	15.0	6.0	0.0	
2	20464.70000000001	60883.80000000005	0.0	0.0	0.0	0.0	0.0	0.0	0.0	0.0	0.0	0.0	0.0	0.0	0.0	0.0	19268.600000000017	6025.699999999984	96691.0	2413673.8799999943	81607.34000000027	0.0	12.0	12.0	0.0	0.0	0.0	0.0	0.0	0.0	0.0	0.0	0.0	0.0	0.0	0.0	0.0	0.0	12.0	20.0	13.0	21.0	6.0	0.0	
3	16744.82000000001	43587.800000000105	0.0	0.0	0.0	0.0	0.0	0.0	0.0	0.0	0.0	0.0	0.0	0.0	0.0	0.0	14274.480000000029	3912.149999999991	78770.0	1667943.3400000052	66476.77000000008	0.0	10.0	8.0	0.0	0.0	0.0	0.0	0.0	0.0	0.0	0.0	0.0	0.0	0.0	0.0	0.0	0.0	8.0	12.0	11.0	14.0	6.0	0.0	
4	14271.239999999983	46923.79999999997	0.0	0.0	0.0	0.0	0.0	0.0	0.0	0.0	0.0	0.0	0.0	0.0	0.0	0.0	15321.200000000008	4623.389999999991	65101.0	1547107.849999996	78524.95	0.0	12.0	11.0	0.0	0.0	0.0	0.0	0.0	0.0	0.0	0.0	0.0	0.0	0.0	0.0	0.0	0.0	12.0	18.0	13.0	18.0	6.0	0.0	
5	13947.679999999955	46037.40000000001	0.0	0.0	0.0	0.0	0.0	0.0	0.0	0.0	0.0	0.0	0.0	0.0	0.0	0.0	13560.680000000022	4204.119999999986	65025.0	1715762.120000009	74240.30000000005	0.0	8.0	9.0	0.0	0.0	0.0	0.0	0.0	0.0	0.0	0.0	0.0	0.0	0.0	0.0	0.0	0.0	8.0	13.0	9.0	14.0	6.0	0.0	
6	18222.560000000005	59298.800000000105	0.0	0.0	0.0	0.0	0.0	0.0	0.0	0.0	0.0	0.0	0.0	0.0	0.0	0.0	17207.56000000002	4370.340000000009	85494.0	1838921.2799999989	86967.54	0.0	11.0	11.0	0.0	0.0	0.0	0.0	0.0	0.0	0.0	0.0	0.0	0.0	0.0	0.0	0.0	0.0	10.0	12.0	12.0	14.0	7.0	0.0	
7	15733.100000000019	47725.99999999997	0.0	0.0	0.0	0.0	0.0	0.0	0.0	0.0	0.0	0.0	0.0	0.0	0.0	0.0	14047.20000000004	4444.589999999997	74502.0	2156731.6399999894	82963.08000000006	0.0	8.0	8.0	0.0	0.0	0.0	0.0	0.0	0.0	0.0	0.0	0.0	0.0	0.0	0.0	0.0	0.0	7.0	12.0	9.0	15.0	6.0	0.0	
8	16117.119999999979	52458.19999999997	0.0	0.0	0.0	0.0	0.0	0.0	0.0	0.0	0.0	0.0	0.0	0.0	0.0	0.0	13723.600000000024	3676.1399999999862	75969.0	1520314.990000011	79202.82000000014	0.0	8.0	8.0	0.0	0.0	0.0	0.0	0.0	0.0	0.0	0.0	0.0	0.0	0.0	0.0	0.0	0.0	6.0	9.0	9.0	12.0	6.0	0.0	
9	13716.439999999988	48954.59999999988	0.0	0.0	0.0	0.0	0.0	0.0	0.0	0.0	0.0	0.0	0.0	0.0	0.0	0.0	14319.440000000026	4486.439999999998	64063.0	1901081.0100000072	87096.6299999999	0.0	9.0	9.0	0.0	0.0	0.0	0.0	0.0	0.0	0.0	0.0	0.0	0.0	0.0	0.0	0.0	0.0	9.0	12.0	10.0	13.0	8.0	0.0	
10	19216.280000000064	57423.39999999998	0.0	0.0	0.0	0.0	0.0	0.0	0.0	0.0	0.0	0.0	0.0	0.0	0.0	0.0	19419.47999999997	5232.110000000016	90642.0	2387784.8399999887	78331.91000000002	0.0	11.0	10.0	0.0	0.0	0.0	0.0	0.0	0.0	0.0	0.0	0.0	0.0	0.0	0.0	0.0	0.0	10.0	14.0	12.0	17.0	5.0	0.0	
11	17098.0	56023.199999999946	0.0	0.0	0.0	0.0	0.0	0.0	0.0	0.0	0.0	0.0	0.0	0.0	0.0	0.0	16433.32000000003	5458.029999999984	80803.0	2198465.9499999876	112101.08000000025	0.0	9.0	9.0	0.0	0.0	0.0	0.0	0.0	0.0	0.0	0.0	0.0	0.0	0.0	0.0	0.0	0.0	9.0	16.0	10.0	16.0	8.0	0.0	
12	15399.940000000044	49132.799999999974	0.0	0.0	0.0	0.0	0.0	0.0	0.0	0.0	0.0	0.0	0.0	0.0	0.0	0.0	13065.080000000014	3791.799999999971	72739.0	1714170.2600000042	77335.48000000026	0.0	9.0	9.0	0.0	0.0	0.0	0.0	0.0	0.0	0.0	0.0	0.0	0.0	0.0	0.0	0.0	0.0	7.0	10.0	10.0	12.0	6.0	0.0	
13	13612.800000000012	47654.40000000007	0.0	0.0	0.0	0.0	0.0	0.0	0.0	0.0	0.0	0.0	0.0	0.0	0.0	0.0	14424.360000000011	4121.130000000002	63693.0	1648398.3200000057	77936.61000000019	0.0	8.0	9.0	0.0	0.0	0.0	0.0	0.0	0.0	0.0	0.0	0.0	0.0	0.0	0.0	0.0	0.0	9.0	12.0	9.0	13.0	6.0	0.0	
14	19503.94000000007	62591.199999999975	0.0	0.0	0.0	0.0	0.0	0.0	0.0	0.0	0.0	0.0	0.0	0.0	0.0	0.0	18582.84000000001	4465.72	92630.0	2013339.41999999	74341.43000000004	0.0	10.0	10.0	0.0	0.0	0.0	0.0	0.0	0.0	0.0	0.0	0.0	0.0	0.0	0.0	0.0	0.0	7.0	10.0	11.0	14.0	5.0	0.0	
15	14693.480000000021	46369.40000000007	0.0	0.0	0.0	0.0	0.0	0.0	0.0	0.0	0.0	0.0	0.0	0.0	0.0	0.0	15272.800000000012	4722.109999999983	67963.0	1769516.7799999942	71989.26000000007	0.0	12.0	11.0	0.0	0.0	0.0	0.0	0.0	0.0	0.0	0.0	0.0	0.0	0.0	0.0	0.0	0.0	11.0	17.0	13.0	18.0	6.0	0.0	
16	14912.180000000017	48327.60000000004	0.0	0.0	0.0	0.0	0.0	0.0	0.0	0.0	0.0	0.0	0.0	0.0	0.0	0.0	15618.040000000065	3578.9699999999666	69787.0	1500405.6000000052	69468.43999999994	0.0	9.0	9.0	0.0	0.0	0.0	0.0	0.0	0.0	0.0	0.0	0.0	0.0	0.0	0.0	0.0	0.0	9.0	12.0	10.0	14.0	5.0	0.0	
17	18068.060000000023	64841.79999999991	0.0	0.0	0.0	0.0	0.0	0.0	0.0	0.0	0.0	0.0	0.0	0.0	0.0	0.0	17580.560000000023	5241.560000000028	85672.0	2569255.3899999885	82309.60000000017	0.0	9.0	10.0	0.0	0.0	0.0	0.0	0.0	0.0	0.0	0.0	0.0	0.0	0.0	0.0	0.0	0.0	9.0	14.0	10.0	17.0	5.0	0.0	
18	10930.220000000014	36419.199999999946	0.0	0.0	0.0	0.0	0.0	0.0	0.0	0.0	0.0	0.0	0.0	0.0	0.0	0.0	13698.040000000026	3247.649999999981	50372.0	1536999.960000012	72627.56999999992	0.0	7.0	7.0	0.0	0.0	0.0	0.0	0.0	0.0	0.0	0.0	0.0	0.0	0.0	0.0	0.0	0.0	7.0	9.0	8.0	12.0	5.0	0.0	
19	18124.379999999983	63866.000000000065	0.0	0.0	0.0	0.0	0.0	0.0	0.0	0.0	0.0	0.0	0.0	0.0	0.0	0.0	18492.64000000001	4470.539999999995	85655.0	1822796.109999992	90075.5100000003	0.0	10.0	11.0	0.0	0.0	0.0	0.0	0.0	0.0	0.0	0.0	0.0	0.0	0.0	0.0	0.0	0.0	11.0	15.0	11.0	16.0	7.0	0.0	
20	14131.400000000021	46618.200000000026	0.0	0.0	0.0	0.0	0.0	0.0	0.0	0.0	0.0	0.0	0.0	0.0	0.0	0.0	14149.16000000001	4884.819999999981	66178.0	2000010.1799999906	67960.41000000003	0.0	9.0	9.0	0.0	0.0	0.0	0.0	0.0	0.0	0.0	0.0	0.0	0.0	0.0	0.0	0.0	0.0	9.0	16.0	10.0	18.0	6.0	0.0	
21	14064.060000000016	45404.79999999998	0.0	0.0	0.0	0.0	0.0	0.0	0.0	0.0	0.0	0.0	0.0	0.0	0.0	0.0	13864.120000000014	3894.529999999995	64720.0	1485936.4100000027	65915.19999999985	0.0	9.0	10.0	0.0	0.0	0.0	0.0	0.0	0.0	0.0	0.0	0.0	0.0	0.0	0.0	0.0	0.0	11.0	14.0	10.0	17.0	7.0	0.0	
22	17738.24	56027.19999999993	0.0	0.0	0.0	0.0	0.0	0.0	0.0	0.0	0.0	0.0	0.0	0.0	0.0	0.0	16844.88	4212.149999999968	82895.0	1526379.1100000013	105961.8800000002	0.0	13.0	13.0	0.0	0.0	0.0	0.0	0.0	0.0	0.0	0.0	0.0	0.0	0.0	0.0	0.0	0.0	11.0	15.0	14.0	14.0	8.0	0.0	
23	23343.64000000005	70607.60000000005	0.0	0.0	0.0	0.0	0.0	0.0	0.0	0.0	0.0	0.0	0.0	0.0	0.0	0.0	22957.00000000002	5163.629999999982	110086.0	2376540.0699999994	99848.26000000021	0.0	15.0	14.0	0.0	0.0	0.0	0.0	0.0	0.0	0.0	0.0	0.0	0.0	0.0	0.0	0.0	0.0	15.0	15.0	16.0	18.0	8.0	0.0	
24	20301.10000000008	60333.00000000001	0.0	0.0	0.0	0.0	0.0	0.0	0.0	0.0	0.0	0.0	0.0	0.0	0.0	0.0	23004.439999999973	5788.680000000018	95969.0	2206614.5399999935	82731.67000000009	0.0	10.0	9.0	0.0	0.0	0.0	0.0	0.0	0.0	0.0	0.0	0.0	0.0	0.0	0.0	0.0	0.0	12.0	15.0	11.0	15.0	5.0	0.0	
25	15543.519999999991	49219.60000000005	0.0	0.0	0.0	0.0	0.0	0.0	0.0	0.0	0.0	0.0	0.0	0.0	0.0	0.0	14737.640000000025	4159.669999999985	72129.0	1752100.0000000007	74379.79999999992	0.0	11.0	10.0	0.0	0.0	0.0	0.0	0.0	0.0	0.0	0.0	0.0	0.0	0.0	0.0	0.0	0.0	10.0	14.0	12.0	16.0	5.0	0.0	
26	15698.519999999946	49257.19999999997	0.0	0.0	0.0	0.0	0.0	0.0	0.0	0.0	0.0	0.0	0.0	0.0	0.0	0.0	13502.20000000003	3733.239999999955	73404.0	1464155.2600000093	69033.57999999993	0.0	8.0	8.0	0.0	0.0	0.0	0.0	0.0	0.0	0.0	0.0	0.0	0.0	0.0	0.0	0.0	0.0	8.0	13.0	9.0	16.0	5.0	0.0	
27	16526.61999999998	53632.999999999985	0.0	0.0	0.0	0.0	0.0	0.0	0.0	0.0	0.0	0.0	0.0	0.0	0.0	0.0	16581.000000000025	4211.649999999978	78057.0	2113277.2299999967	83626.97000000023	0.0	8.0	8.0	0.0	0.0	0.0	0.0	0.0	0.0	0.0	0.0	0.0	0.0	0.0	0.0	0.0	0.0	8.0	10.0	9.0	14.0	5.0	0.0	
28	18774.020000000008	55535.79999999995	0.0	0.0	0.0	0.0	0.0	0.0	0.0	0.0	0.0	0.0	0.0	0.0	0.0	0.0	18164.120000000006	4255.52	88491.0	1852897.859999988	95561.23000000029	0.0	11.0	10.0	0.0	0.0	0.0	0.0	0.0	0.0	0.0	0.0	0.0	0.0	0.0	0.0	0.0	0.0	11.0	14.0	12.0	16.0	6.0	0.0	
29	21558.520000000008	59997.399999999914	0.0	0.0	0.0	0.0	0.0	0.0	0.0	0.0	0.0	0.0	0.0	0.0	0.0	0.0	22414.480000000083	5616.789999999994	102343.0	2262905.5799999936	86032.68000000044	0.0	12.0	10.0	0.0	0.0	0.0	0.0	0.0	0.0	0.0	0.0	0.0	0.0	0.0	0.0	0.0	0.0	12.0	16.0	13.0	17.0	6.0	0.0	
30	13907.539999999983	42388.60000000001	0.0	0.0	0.0	0.0	0.0	0.0	0.0	0.0	0.0	0.0	0.0	0.0	0.0	0.0	13280.560000000029	4376.410000000011	64612.0	1536679.360000004	76683.19000000008	0.0	9.0	10.0	0.0	0.0	0.0	0.0	0.0	0.0	0.0	0.0	0.0	0.0	0.0	0.0	0.0	0.0	9.0	16.0	10.0	17.0	6.0	0.0	
31	12806.539999999988	44684.40000000004	0.0	0.0	0.0	0.0	0.0	0.0	0.0	0.0	0.0	0.0	0.0	0.0	0.0	0.0	12232.840000000007	3677.689999999953	59391.0	1561017.2400000107	70223.04999999989	0.0	8.0	9.0	0.0	0.0	0.0	0.0	0.0	0.0	0.0	0.0	0.0	0.0	0.0	0.0	0.0	0.0	8.0	11.0	9.0	13.0	5.0	0.0	
32	22118.879999999957	64394.99999999996	0.0	0.0	0.0	0.0	0.0	0.0	0.0	0.0	0.0	0.0	0.0	0.0	0.0	0.0	21223.000000000025	5616.989999999993	104181.0	2271549.849999998	83743.2700000002	0.0	14.0	12.0	0.0	0.0	0.0	0.0	0.0	0.0	0.0	0.0	0.0	0.0	0.0	0.0	0.0	0.0	14.0	18.0	15.0	19.0	6.0	0.0	
33	15776.679999999948	50551.799999999974	0.0	0.0	0.0	0.0	0.0	0.0	0.0	0.0	0.0	0.0	0.0	0.0	0.0	0.0	15509.680000000073	3612.3499999999362	74179.0	1571509.8500000092	75198.36	0.0	9.0	9.0	0.0	0.0	0.0	0.0	0.0	0.0	0.0	0.0	0.0	0.0	0.0	0.0	0.0	0.0	9.0	11.0	10.0	13.0	5.0	0.0	
34	15860.40000000001	55601.79999999989	0.0	0.0	0.0	0.0	0.0	0.0	0.0	0.0	0.0	0.0	0.0	0.0	0.0	0.0	15500.840000000033	4293.390000000053	74701.0	1818387.969999994	77052.91000000006	0.0	9.0	10.0	0.0	0.0	0.0	0.0	0.0	0.0	0.0	0.0	0.0	0.0	0.0	0.0	0.0	0.0	8.0	12.0	10.0	15.0	5.0	0.0	
35	16571.920000000024	52354.6	0.0	0.0	0.0	0.0	0.0	0.0	0.0	0.0	0.0	0.0	0.0	0.0	0.0	0.0	15069.120000000028	4815.430000000024	78032.0	1829612.3900000022	80814.36	0.0	10.0	10.0	0.0	0.0	0.0	0.0	0.0	0.0	0.0	0.0	0.0	0.0	0.0	0.0	0.0	0.0	8.0	16.0	11.0	17.0	6.0	0.0	
36	13603.400000000014	45076.799999999974	0.0	0.0	0.0	0.0	0.0	0.0	0.0	0.0	0.0	0.0	0.0	0.0	0.0	0.0	13428.719999999992	4823.4600000000055	62202.0	1683447.659999992	80099.31000000038	0.0	11.0	12.0	0.0	0.0	0.0	0.0	0.0	0.0	0.0	0.0	0.0	0.0	0.0	0.0	0.0	0.0	10.0	18.0	12.0	19.0	7.0	0.0	
37	19247.220000000005	52630.79999999991	0.0	0.0	0.0	0.0	0.0	0.0	0.0	0.0	0.0	0.0	0.0	0.0	0.0	0.0	20142.36000000006	4916.580000000016	90687.0	2049849.309999989	76400.62000000011	0.0	11.0	9.0	0.0	0.0	0.0	0.0	0.0	0.0	0.0	0.0	0.0	0.0	0.0	0.0	0.0	0.0	12.0	15.0	12.0	16.0	5.0	0.0	
38	16277.179999999984	40220.799999999974	0.0	0.0	0.0	0.0	0.0	0.0	0.0	0.0	0.0	0.0	0.0	0.0	0.0	0.0	15829.600000000039	3753.559999999958	76420.0	1695464.9400000076	76605.25999999992	0.0	9.0	7.0	0.0	0.0	0.0	0.0	0.0	0.0	0.0	0.0	0.0	0.0	0.0	0.0	0.0	0.0	9.0	11.0	10.0	14.0	5.0	0.0	
39	16402.860000000004	57502.599999999984	0.0	0.0	0.0	0.0	0.0	0.0	0.0	0.0	0.0	0.0	0.0	0.0	0.0	0.0	15803.560000000056	4251.709999999996	77580.0	1785038.3800000148	87503.53000000038	0.0	8.0	10.0	0.0	0.0	0.0	0.0	0.0	0.0	0.0	0.0	0.0	0.0	0.0	0.0	0.0	0.0	8.0	11.0	9.0	12.0	6.0	0.0	
40	16360.499999999996	55603.80000000004	0.0	0.0	0.0	0.0	0.0	0.0	0.0	0.0	0.0	0.0	0.0	0.0	0.0	0.0	16491.519999999964	4883.230000000007	75704.0	1741178.9000000018	88911.62000000016	0.0	13.0	12.0	0.0	0.0	0.0	0.0	0.0	0.0	0.0	0.0	0.0	0.0	0.0	0.0	0.0	0.0	15.0	19.0	14.0	20.0	7.0	0.0	
41	14204.299999999996	46888.80000000004	0.0	0.0	0.0	0.0	0.0	0.0	0.0	0.0	0.0	0.0	0.0	0.0	0.0	0.0	15309.920000000013	5245.639999999973	66654.0	2138306.219999993	91737.0200000003	0.0	8.0	9.0	0.0	0.0	0.0	0.0	0.0	0.0	0.0	0.0	0.0	0.0	0.0	0.0	0.0	0.0	8.0	17.0	9.0	18.0	6.0	0.0	
42	17552.900000000012	57126.40000000008	0.0	0.0	0.0	0.0	0.0	0.0	0.0	0.0	0.0	0.0	0.0	0.0	0.0	0.0	17530.679999999993	6318.28000000001	83090.0	2668248.6799999983	66320.90999999981	0.0	10.0	10.0	0.0	0.0	0.0	0.0	0.0	0.0	0.0	0.0	0.0	0.0	0.0	0.0	0.0	0.0	9.0	19.0	11.0	21.0	4.0	0.0	
43	18642.98000000003	63985.80000000006	0.0	0.0	0.0	0.0	0.0	0.0	0.0	0.0	0.0	0.0	0.0	0.0	0.0	0.0	17998.999999999996	3975.399999999982	87195.0	1851714.1400000157	88438.39000000016	0.0	11.0	12.0	0.0	0.0	0.0	0.0	0.0	0.0	0.0	0.0	0.0	0.0	0.0	0.0	0.0	0.0	11.0	10.0	12.0	13.0	7.0	0.0	
44	16917.619999999995	47152.79999999998	0.0	0.0	0.0	0.0	0.0	0.0	0.0	0.0	0.0	0.0	0.0	0.0	0.0	0.0	13414.720000000027	4067.3300000000063	79113.0	1458607.1699999995	81057.37000000027	0.0	11.0	9.0	0.0	0.0	0.0	0.0	0.0	0.0	0.0	0.0	0.0	0.0	0.0	0.0	0.0	0.0	9.0	14.0	12.0	14.0	6.0	0.0	
45	14748.379999999961	52836.39999999995	0.0	0.0	0.0	0.0	0.0	0.0	0.0	0.0	0.0	0.0	0.0	0.0	0.0	0.0	14529.280000000017	4047.9600000000055	69112.0	1823612.3900000083	66462.79000000004	0.0	9.0	10.0	0.0	0.0	0.0	0.0	0.0	0.0	0.0	0.0	0.0	0.0	0.0	0.0	0.0	0.0	9.0	12.0	10.0	14.0	5.0	0.0	
46	17370.89999999999	49898.3999999999	0.0	0.0	0.0	0.0	0.0	0.0	0.0	0.0	0.0	0.0	0.0	0.0	0.0	0.0	15808.720000000043	3909.519999999988	81767.0	1650118.42000001	89346.48000000039	0.0	10.0	9.0	0.0	0.0	0.0	0.0	0.0	0.0	0.0	0.0	0.0	0.0	0.0	0.0	0.0	0.0	8.0	10.0	11.0	13.0	7.0	0.0	
47	15230.579999999989	53932.99999999999	0.0	0.0	0.0	0.0	0.0	0.0	0.0	0.0	0.0	0.0	0.0	0.0	0.0	0.0	14849.680000000042	4098.379999999991	71264.0	1682672.0800000092	69954.46	0.0	10.0	11.0	0.0	0.0	0.0	0.0	0.0	0.0	0.0	0.0	0.0	0.0	0.0	0.0	0.0	0.0	11.0	14.0	11.0	15.0	5.0	0.0	
48	15046.759999999991	52136.80000000003	0.0	0.0	0.0	0.0	0.0	0.0	0.0	0.0	0.0	0.0	0.0	0.0	0.0	0.0	16998.200000000033	4466.219999999977	70220.0	1839717.2100000004	82744.46000000031	0.0	10.0	10.0	0.0	0.0	0.0	0.0	0.0	0.0	0.0	0.0	0.0	0.0	0.0	0.0	0.0	0.0	12.0	15.0	11.0	15.0	5.0	0.0	
49	17578.379999999972	56955.79999999997	0.0	0.0	0.0	0.0	0.0	0.0	0.0	0.0	0.0	0.0	0.0	0.0	0.0	0.0	16574.360000000055	4499.429999999945	82820.0	1714429.810000003	71156.72000000007	0.0	10.0	11.0	0.0	0.0	0.0	0.0	0.0	0.0	0.0	0.0	0.0	0.0	0.0	0.0	0.0	0.0	9.0	15.0	11.0	16.0	5.0	0.0	
50	15326.840000000002	51731.60000000001	0.0	0.0	0.0	0.0	0.0	0.0	0.0	0.0	0.0	0.0	0.0	0.0	0.0	0.0	14478.399999999996	3545.8599999999683	70519.0	1201044.080000001	80803.95000000008	0.0	12.0	14.0	0.0	0.0	0.0	0.0	0.0	0.0	0.0	0.0	0.0	0.0	0.0	0.0	0.0	0.0	12.0	13.0	13.0	15.0	8.0	0.0	
51	17423.879999999997	61811.40000000003	0.0	0.0	0.0	0.0	0.0	0.0	0.0	0.0	0.0	0.0	0.0	0.0	0.0	0.0	17041.72000000002	3449.7799999999907	82575.0	1705913.7800000026	79866.71000000018	0.0	8.0	9.0	0.0	0.0	0.0	0.0	0.0	0.0	0.0	0.0	0.0	0.0	0.0	0.0	0.0	0.0	7.0	8.0	9.0	12.0	5.0	0.0	
52	15476.380000000014	55964.799999999974	0.0	0.0	0.0	0.0	0.0	0.0	0.0	0.0	0.0	0.0	0.0	0.0	0.0	0.0	15874.560000000018	4347.049999999999	73000.0	1628101.140000009	81556.18000000008	0.0	9.0	10.0	0.0	0.0	0.0	0.0	0.0	0.0	0.0	0.0	0.0	0.0	0.0	0.0	0.0	0.0	10.0	14.0	10.0	13.0	6.0	0.0	
53	21556.700000000077	72414.00000000006	0.0	0.0	0.0	0.0	0.0	0.0	0.0	0.0	0.0	0.0	0.0	0.0	0.0	0.0	18800.28000000004	4063.6199999999762	102118.0	1912133.4200000055	104323.57000000047	0.0	12.0	12.0	0.0	0.0	0.0	0.0	0.0	0.0	0.0	0.0	0.0	0.0	0.0	0.0	0.0	0.0	10.0	12.0	13.0	15.0	7.0	0.0	
54	12248.000000000013	41356.00000000003	0.0	0.0	0.0	0.0	0.0	0.0	0.0	0.0	0.0	0.0	0.0	0.0	0.0	0.0	14792.200000000028	3369.68999999997	57454.0	1370794.530000012	78472.60000000018	0.0	6.0	7.0	0.0	0.0	0.0	0.0	0.0	0.0	0.0	0.0	0.0	0.0	0.0	0.0	0.0	0.0	8.0	9.0	7.0	10.0	5.0	0.0	
55	12602.60000000001	41713.399999999994	0.0	0.0	0.0	0.0	0.0	0.0	0.0	0.0	0.0	0.0	0.0	0.0	0.0	0.0	12372.400000000021	3122.7399999999625	58159.0	1212137.1900000097	76438.9900000001	0.0	9.0	8.0	0.0	0.0	0.0	0.0	0.0	0.0	0.0	0.0	0.0	0.0	0.0	0.0	0.0	0.0	9.0	10.0	10.0	11.0	5.0	0.0	
56	16158.879999999976	56334.39999999996	0.0	0.0	0.0	0.0	0.0	0.0	0.0	0.0	0.0	0.0	0.0	0.0	0.0	0.0	16209.960000000032	3954.709999999994	75403.0	1512574.5400000005	100001.74000000033	0.0	9.0	10.0	0.0	0.0	0.0	0.0	0.0	0.0	0.0	0.0	0.0	0.0	0.0	0.0	0.0	0.0	10.0	11.0	10.0	12.0	8.0	0.0	
57	18533.880000000074	60432.99999999995	0.0	0.0	0.0	0.0	0.0	0.0	0.0	0.0	0.0	0.0	0.0	0.0	0.0	0.0	19529.560000000016	5023.030000000016	87329.0	2304424.1099999906	85111.80000000022	0.0	10.0	10.0	0.0	0.0	0.0	0.0	0.0	0.0	0.0	0.0	0.0	0.0	0.0	0.0	0.0	0.0	10.0	13.0	11.0	16.0	6.0	0.0	
58	13829.179999999977	43542.59999999994	0.0	0.0	0.0	0.0	0.0	0.0	0.0	0.0	0.0	0.0	0.0	0.0	0.0	0.0	13310.04000000001	3201.409999999993	64748.0	1304658.2200000023	71514.83999999992	0.0	10.0	9.0	0.0	0.0	0.0	0.0	0.0	0.0	0.0	0.0	0.0	0.0	0.0	0.0	0.0	0.0	10.0	11.0	11.0	14.0	5.0	0.0	
59	13992.98000000001	49518.60000000005	0.0	0.0	0.0	0.0	0.0	0.0	0.0	0.0	0.0	0.0	0.0	0.0	0.0	0.0	13408.079999999996	3501.7500000000005	64793.0	1346220.5200000026	70466.05999999998	0.0	10.0	12.0	0.0	0.0	0.0	0.0	0.0	0.0	0.0	0.0	0.0	0.0	0.0	0.0	0.0	0.0	10.0	12.0	11.0	15.0	5.0	0.0	
60	16127.640000000009	47398.00000000008	0.0	0.0	0.0	0.0	0.0	0.0	0.0	0.0	0.0	0.0	0.0	0.0	0.0	0.0	16332.320000000014	3911.809999999985	74452.0	1765968.6899999923	80214.42000000029	0.0	12.0	10.0	0.0	0.0	0.0	0.0	0.0	0.0	0.0	0.0	0.0	0.0	0.0	0.0	0.0	0.0	11.0	14.0	13.0	17.0	7.0	0.0	
61	13934.84000000001	44955.99999999994	0.0	0.0	0.0	0.0	0.0	0.0	0.0	0.0	0.0	0.0	0.0	0.0	0.0	0.0	13793.120000000032	3633.5099999999793	64783.0	1387459.1500000132	74035.66000000018	0.0	9.0	10.0	0.0	0.0	0.0	0.0	0.0	0.0	0.0	0.0	0.0	0.0	0.0	0.0	0.0	0.0	9.0	12.0	10.0	13.0	6.0	0.0	
62	18431.85999999995	53515.199999999946	0.0	0.0	0.0	0.0	0.0	0.0	0.0	0.0	0.0	0.0	0.0	0.0	0.0	0.0	19106.92	4926.8400000000065	86853.0	2245532.5699999845	83717.69000000024	0.0	11.0	9.0	0.0	0.0	0.0	0.0	0.0	0.0	0.0	0.0	0.0	0.0	0.0	0.0	0.0	0.0	12.0	15.0	12.0	17.0	6.0	0.0	
63	14340.799999999996	49759.800000000054	0.0	0.0	0.0	0.0	0.0	0.0	0.0	0.0	0.0	0.0	0.0	0.0	0.0	0.0	14358.760000000024	4099.630000000001	67383.0	1495137.4100000102	72665.94	0.0	8.0	9.0	0.0	0.0	0.0	0.0	0.0	0.0	0.0	0.0	0.0	0.0	0.0	0.0	0.0	0.0	8.0	13.0	9.0	13.0	5.0	0.0	
64	19492.92000000001	58756.600000000064	0.0	0.0	0.0	0.0	0.0	0.0	0.0	0.0	0.0	0.0	0.0	0.0	0.0	0.0	18695.59999999998	4796.599999999997	91515.0	2005878.8699999882	76605.26000000002	0.0	11.0	10.0	0.0	0.0	0.0	0.0	0.0	0.0	0.0	0.0	0.0	0.0	0.0	0.0	0.0	0.0	11.0	14.0	12.0	15.0	5.0	0.0	
65	26251.99999999986	82586.59999999983	0.0	0.0	0.0	0.0	0.0	0.0	0.0	0.0	0.0	0.0	0.0	0.0	0.0	0.0	30100.64000000016	6940.999999999982	123784.0	3069827.9100000076	96253.08000000025	0.0	15.0	14.0	0.0	0.0	0.0	0.0	0.0	0.0	0.0	0.0	0.0	0.0	0.0	0.0	0.0	0.0	17.0	20.0	16.0	22.0	7.0	0.0	
66	29924.75999999986	94961.59999999986	0.0	0.0	0.0	0.0	0.0	0.0	0.0	0.0	0.0	0.0	0.0	0.0	0.0	0.0	28724.160000000105	6161.1099999999915	142396.0	2901686.5999999945	99590.08000000066	0.0	15.0	14.0	0.0	0.0	0.0	0.0	0.0	0.0	0.0	0.0	0.0	0.0	0.0	0.0	0.0	0.0	15.0	16.0	16.0	18.0	6.0	0.0	
67	17177.979999999985	59549.60000000003	0.0	0.0	0.0	0.0	0.0	0.0	0.0	0.0	0.0	0.0	0.0	0.0	0.0	0.0	14050.400000000056	4224.269999999965	80804.0	1679123.9900000151	99527.3200000004	0.0	10.0	11.0	0.0	0.0	0.0	0.0	0.0	0.0	0.0	0.0	0.0	0.0	0.0	0.0	0.0	0.0	6.0	12.0	11.0	14.0	7.0	0.0	
68	17967.760000000017	60863.000000000065	0.0	0.0	0.0	0.0	0.0	0.0	0.0	0.0	0.0	0.0	0.0	0.0	0.0	0.0	15716.080000000033	5294.7800000000125	84099.0	1791038.3800000034	101944.63000000051	0.0	11.0	11.0	0.0	0.0	0.0	0.0	0.0	0.0	0.0	0.0	0.0	0.0	0.0	0.0	0.0	0.0	9.0	17.0	12.0	15.0	7.0	0.0	
69	15248.979999999976	46440.00000000008	0.0	0.0	0.0	0.0	0.0	0.0	0.0	0.0	0.0	0.0	0.0	0.0	0.0	0.0	15600.840000000013	4934.870000000002	71316.0	1728706.6400000115	78574.9199999998	0.0	8.0	9.0	0.0	0.0	0.0	0.0	0.0	0.0	0.0	0.0	0.0	0.0	0.0	0.0	0.0	0.0	9.0	17.0	9.0	16.0	5.0	0.0	
70	21527.57999999998	71457.00000000007	0.0	0.0	0.0	0.0	0.0	0.0	0.0	0.0	0.0	0.0	0.0	0.0	0.0	0.0	18828.039999999975	5613.380000000009	101038.0	1796090.7900000066	77845.8900000001	0.0	12.0	12.0	0.0	0.0	0.0	0.0	0.0	0.0	0.0	0.0	0.0	0.0	0.0	0.0	0.0	0.0	11.0	17.0	13.0	14.0	5.0	0.0	
71	13008.659999999962	42953.19999999992	0.0	0.0	0.0	0.0	0.0	0.0	0.0	0.0	0.0	0.0	0.0	0.0	0.0	0.0	12889.640000000038	3420.349999999958	61163.0	1479160.8300000126	63443.15999999989	0.0	7.0	7.0	0.0	0.0	0.0	0.0	0.0	0.0	0.0	0.0	0.0	0.0	0.0	0.0	0.0	0.0	7.0	8.0	8.0	10.0	4.0	0.0	
72	14422.699999999977	45238.79999999998	0.0	0.0	0.0	0.0	0.0	0.0	0.0	0.0	0.0	0.0	0.0	0.0	0.0	0.0	15403.280000000004	4088.11999999997	68121.0	1683188.110000006	66616.27000000016	0.0	8.0	9.0	0.0	0.0	0.0	0.0	0.0	0.0	0.0	0.0	0.0	0.0	0.0	0.0	0.0	0.0	10.0	14.0	9.0	15.0	5.0	0.0	
73	16830.36	49285.59999999996	0.0	0.0	0.0	0.0	0.0	0.0	0.0	0.0	0.0	0.0	0.0	0.0	0.0	0.0	15896.920000000013	3645.1199999999944	79427.0	1395931.4100000004	77717.99000000009	0.0	10.0	10.0	0.0	0.0	0.0	0.0	0.0	0.0	0.0	0.0	0.0	0.0	0.0	0.0	0.0	0.0	10.0	12.0	11.0	15.0	5.0	0.0	
74	17105.08000000004	56975.6	0.0	0.0	0.0	0.0	0.0	0.0	0.0	0.0	0.0	0.0	0.0	0.0	0.0	0.0	16521.520000000008	4132.200000000022	79860.0	1660955.0499999982	74790.27000000018	0.0	11.0	11.0	0.0	0.0	0.0	0.0	0.0	0.0	0.0	0.0	0.0	0.0	0.0	0.0	0.0	0.0	11.0	12.0	12.0	13.0	6.0	0.0	
75	19692.919999999984	69360.20000000004	0.0	0.0	0.0	0.0	0.0	0.0	0.0	0.0	0.0	0.0	0.0	0.0	0.0	0.0	17438.280000000002	4932.710000000019	92579.0	1816195.6099999943	86110.61000000022	0.0	13.0	14.0	0.0	0.0	0.0	0.0	0.0	0.0	0.0	0.0	0.0	0.0	0.0	0.0	0.0	0.0	11.0	17.0	14.0	17.0	7.0	0.0	
76	13407.239999999972	42717.60000000004	0.0	0.0	0.0	0.0	0.0	0.0	0.0	0.0	0.0	0.0	0.0	0.0	0.0	0.0	13030.68000000004	3089.8699999999444	63026.0	1399004.1700000092	67868.4999999999	0.0	7.0	9.0	0.0	0.0	0.0	0.0	0.0	0.0	0.0	0.0	0.0	0.0	0.0	0.0	0.0	0.0	7.0	8.0	8.0	10.0	4.0	0.0	
77	17896.88000000003	57641.20000000004	0.0	0.0	0.0	0.0	0.0	0.0	0.0	0.0	0.0	0.0	0.0	0.0	0.0	0.0	17418.64000000001	3814.919999999968	84422.0	1891148.2000000116	75057.67000000016	0.0	10.0	10.0	0.0	0.0	0.0	0.0	0.0	0.0	0.0	0.0	0.0	0.0	0.0	0.0	0.0	0.0	8.0	9.0	11.0	15.0	5.0	0.0	
78	16533.7	48202.20000000004	0.0	0.0	0.0	0.0	0.0	0.0	0.0	0.0	0.0	0.0	0.0	0.0	0.0	0.0	15845.080000000022	4288.999999999975	77564.0	1852661.730000003	68176.65000000001	0.0	10.0	9.0	0.0	0.0	0.0	0.0	0.0	0.0	0.0	0.0	0.0	0.0	0.0	0.0	0.0	0.0	9.0	14.0	11.0	17.0	5.0	0.0	
79	17865.74000000006	58289.00000000003	0.0	0.0	0.0	0.0	0.0	0.0	0.0	0.0	0.0	0.0	0.0	0.0	0.0	0.0	18677.159999999978	5934.880000000001	83767.0	2068878.2999999963	83653.74000000034	0.0	12.0	11.0	0.0	0.0	0.0	0.0	0.0	0.0	0.0	0.0	0.0	0.0	0.0	0.0	0.0	0.0	13.0	19.0	13.0	17.0	6.0	0.0	
80	17183.440000000006	57774.20000000004	0.0	0.0	0.0	0.0	0.0	0.0	0.0	0.0	0.0	0.0	0.0	0.0	0.0	0.0	18607.640000000018	4450.629999999964	80561.0	1671791.68000002	71924.12000000008	0.0	10.0	11.0	0.0	0.0	0.0	0.0	0.0	0.0	0.0	0.0	0.0	0.0	0.0	0.0	0.0	0.0	10.0	13.0	11.0	13.0	5.0	0.0	
81	18573.920000000056	61363.600000000086	0.0	0.0	0.0	0.0	0.0	0.0	0.0	0.0	0.0	0.0	0.0	0.0	0.0	0.0	19571.080000000005	4574.020000000029	87572.0	2376088.159999984	92338.15000000045	0.0	10.0	10.0	0.0	0.0	0.0	0.0	0.0	0.0	0.0	0.0	0.0	0.0	0.0	0.0	0.0	0.0	11.0	13.0	11.0	17.0	6.0	0.0	
82	15449.180000000035	50003.00000000011	0.0	0.0	0.0	0.0	0.0	0.0	0.0	0.0	0.0	0.0	0.0	0.0	0.0	0.0	16114.640000000005	4953.640000000013	73107.0	1743003.8199999947	76195.98000000003	0.0	8.0	8.0	0.0	0.0	0.0	0.0	0.0	0.0	0.0	0.0	0.0	0.0	0.0	0.0	0.0	0.0	7.0	13.0	9.0	13.0	5.0	0.0	
83	19713.139999999967	65945.00000000001	0.0	0.0	0.0	0.0	0.0	0.0	0.0	0.0	0.0	0.0	0.0	0.0	0.0	0.0	18814.03999999996	5183.7800000000225	92910.0	2348394.549999984	88718.5800000001	0.0	11.0	11.0	0.0	0.0	0.0	0.0	0.0	0.0	0.0	0.0	0.0	0.0	0.0	0.0	0.0	0.0	10.0	14.0	12.0	17.0	6.0	0.0	
84	12431.22000000002	37005.999999999985	0.0	0.0	0.0	0.0	0.0	0.0	0.0	0.0	0.0	0.0	0.0	0.0	0.0	0.0	13196.759999999998	3822.070000000001	56704.0	1534743.4799999997	67127.86999999992	0.0	12.0	13.0	0.0	0.0	0.0	0.0	0.0	0.0	0.0	0.0	0.0	0.0	0.0	0.0	0.0	0.0	11.0	13.0	13.0	15.0	5.0	0.0	
85	15458.07999999998	45721.59999999998	0.0	0.0	0.0	0.0	0.0	0.0	0.0	0.0	0.0	0.0	0.0	0.0	0.0	0.0	13421.600000000022	3289.3999999999673	72110.0	1369762.4700000114	83268.85000000017	0.0	10.0	10.0	0.0	0.0	0.0	0.0	0.0	0.0	0.0	0.0	0.0	0.0	0.0	0.0	0.0	0.0	9.0	8.0	11.0	10.0	5.0	0.0	
86	17068.680000000008	51086.39999999999	0.0	0.0	0.0	0.0	0.0	0.0	0.0	0.0	0.0	0.0	0.0	0.0	0.0	0.0	16724.48000000004	4617.150000000002	80040.0	1882719.709999994	86250.11000000016	0.0	11.0	9.0	0.0	0.0	0.0	0.0	0.0	0.0	0.0	0.0	0.0	0.0	0.0	0.0	0.0	0.0	11.0	15.0	12.0	15.0	6.0	0.0	
87	17421.659999999978	57358.39999999997	0.0	0.0	0.0	0.0	0.0	0.0	0.0	0.0	0.0	0.0	0.0	0.0	0.0	0.0	16794.999999999996	4596.82999999997	81148.0	1886075.4399999992	69213.82999999996	0.0	12.0	11.0	0.0	0.0	0.0	0.0	0.0	0.0	0.0	0.0	0.0	0.0	0.0	0.0	0.0	0.0	11.0	17.0	13.0	19.0	6.0	0.0	
88	14428.060000000041	45665.799999999945	0.0	0.0	0.0	0.0	0.0	0.0	0.0	0.0	0.0	0.0	0.0	0.0	0.0	0.0	14783.840000000055	4175.770000000012	67636.0	1839137.0599999959	78152.85000000011	0.0	9.0	7.0	0.0	0.0	0.0	0.0	0.0	0.0	0.0	0.0	0.0	0.0	0.0	0.0	0.0	0.0	9.0	13.0	10.0	16.0	5.0	0.0	
89	16835.719999999947	44783.39999999996	0.0	0.0	0.0	0.0	0.0	0.0	0.0	0.0	0.0	0.0	0.0	0.0	0.0	0.0	15533.760000000048	3881.4699999999757	78942.0	1463423.449999998	91944.04000000018	0.0	11.0	9.0	0.0	0.0	0.0	0.0	0.0	0.0	0.0	0.0	0.0	0.0	0.0	0.0	0.0	0.0	9.0	13.0	12.0	14.0	8.0	0.0	
90	20199.07999999995	56016.600000000035	0.0	0.0	0.0	0.0	0.0	0.0	0.0	0.0	0.0	0.0	0.0	0.0	0.0	0.0	19613.839999999997	4519.109999999996	95331.0	1952211.7499999898	76273.91000000018	0.0	11.0	9.0	0.0	0.0	0.0	0.0	0.0	0.0	0.0	0.0	0.0	0.0	0.0	0.0	0.0	0.0	10.0	12.0	12.0	15.0	6.0	0.0	
91	14750.2	47635.59999999996	0.0	0.0	0.0	0.0	0.0	0.0	0.0	0.0	0.0	0.0	0.0	0.0	0.0	0.0	15941.880000000025	4202.160000000003	69211.0	1720902.069999996	82479.4400000002	0.0	9.0	10.0	0.0	0.0	0.0	0.0	0.0	0.0	0.0	0.0	0.0	0.0	0.0	0.0	0.0	0.0	11.0	15.0	10.0	17.0	8.0	0.0	
92	17434.600000000068	52551.59999999995	0.0	0.0	0.0	0.0	0.0	0.0	0.0	0.0	0.0	0.0	0.0	0.0	0.0	0.0	16906.320000000032	3946.8799999999746	81911.0	1733307.1400000094	85764.09000000027	0.0	10.0	9.0	0.0	0.0	0.0	0.0	0.0	0.0	0.0	0.0	0.0	0.0	0.0	0.0	0.0	0.0	9.0	11.0	11.0	14.0	6.0	0.0	
93	17126.920000000006	58057.999999999905	0.0	0.0	0.0	0.0	0.0	0.0	0.0	0.0	0.0	0.0	0.0	0.0	0.0	0.0	18076.64000000002	4067.229999999983	80031.0	1707505.6400000069	80149.2800000002	0.0	11.0	11.0	0.0	0.0	0.0	0.0	0.0	0.0	0.0	0.0	0.0	0.0	0.0	0.0	0.0	0.0	12.0	13.0	12.0	14.0	6.0	0.0	
94	14972.14000000004	47020.80000000004	0.0	0.0	0.0	0.0	0.0	0.0	0.0	0.0	0.0	0.0	0.0	0.0	0.0	0.0	15073.04000000001	3729.529999999977	69518.0	1710945.84	75633.22	0.0	10.0	9.0	0.0	0.0	0.0	0.0	0.0	0.0	0.0	0.0	0.0	0.0	0.0	0.0	0.0	0.0	10.0	11.0	11.0	14.0	5.0	0.0	
95	21092.49999999999	63780.19999999993	0.0	0.0	0.0	0.0	0.0	0.0	0.0	0.0	0.0	0.0	0.0	0.0	0.0	0.0	21733.60000000006	5440.749999999975	97862.0	2107816.679999992	79369.09000000024	0.0	13.0	11.0	0.0	0.0	0.0	0.0	0.0	0.0	0.0	0.0	0.0	0.0	0.0	0.0	0.0	0.0	13.0	16.0	14.0	16.0	6.0	0.0	
96	17236.21999999998	49726.79999999998	0.0	0.0	0.0	0.0	0.0	0.0	0.0	0.0	0.0	0.0	0.0	0.0	0.0	0.0	15606.240000000033	4505.539999999971	81002.0	1615136.2700000105	96317.03000000032	0.0	10.0	9.0	0.0	0.0	0.0	0.0	0.0	0.0	0.0	0.0	0.0	0.0	0.0	0.0	0.0	0.0	10.0	14.0	11.0	14.0	7.0	0.0	
97	17034.300000000014	61726.600000000115	0.0	0.0	0.0	0.0	0.0	0.0	0.0	0.0	0.0	0.0	0.0	0.0	0.0	0.0	16882.480000000032	3453.31999999997	80524.0	1613824.3100000129	92990.44000000051	0.0	9.0	10.0	0.0	0.0	0.0	0.0	0.0	0.0	0.0	0.0	0.0	0.0	0.0	0.0	0.0	0.0	10.0	11.0	10.0	13.0	6.0	0.0	
98	14331.600000000006	45885.59999999995	0.0	0.0	0.0	0.0	0.0	0.0	0.0	0.0	0.0	0.0	0.0	0.0	0.0	0.0	13469.760000000024	4260.209999999985	67168.0	1679360.120000012	78435.42000000019	0.0	9.0	9.0	0.0	0.0	0.0	0.0	0.0	0.0	0.0	0.0	0.0	0.0	0.0	0.0	0.0	0.0	9.0	15.0	10.0	13.0	6.0	0.0	
99	22186.41999999999	75061.59999999999	0.0	0.0	0.0	0.0	0.0	0.0	0.0	0.0	0.0	0.0	0.0	0.0	0.0	0.0	21246.360000000004	4854.819999999989	105205.0	2274666.3799999976	91263.79000000042	0.0	12.0	13.0	0.0	0.0	0.0	0.0	0.0	0.0	0.0	0.0	0.0	0.0	0.0	0.0	0.0	0.0	11.0	13.0	13.0	16.0	6.0	0.0	
