0	110502.7600000111	390218.80000000994	679882.9000000067	276108.70000002347	30918.2799999974	131569.23999998395	161998.60000000446	205887.09999999302	0.0	1311877.3000000268	0.0	793993.0	0.0	0.0	0.0	0.0	0.0	19784.200000002522	530662.0	10144993.139999026	768394.0599999358	0.0	4.0	4.0	4.0	4.0	4.0	4.0	4.0	4.0	0.0	4.0	0.0	4.0	0.0	0.0	0.0	0.0	0.0	4.0	4.0	4.0	4.0	0.0	
1	90868.60000000095	319017.99999999086	555281.5000000384	225944.5000000221	25955.799999998188	108051.39999999331	132871.0000000121	168668.50000000256	0.0	1070765.5000000957	0.0	648355.0	0.0	0.0	0.0	0.0	0.0	16872.250000001088	433570.0	8289349.259999605	630415.5399999394	0.0	4.0	4.0	4.0	4.0	4.0	4.0	4.0	4.0	0.0	4.0	0.0	4.0	0.0	0.0	0.0	0.0	0.0	4.0	4.0	4.0	4.0	0.0	
2	112882.32000000871	396221.6000000143	689637.8000000032	280633.4000000274	32266.959999996903	134221.67999998358	165045.20000000417	209502.19999999038	0.0	1329818.6000000262	0.0	805226.0	0.0	0.0	0.0	0.0	0.0	20982.920000002425	538484.0	10295204.709999202	783076.0899999579	0.0	5.0	5.0	5.0	5.0	5.0	5.0	5.0	5.0	0.0	5.0	0.0	5.0	0.0	0.0	0.0	0.0	0.0	5.0	5.0	5.0	5.0	0.0	
3	105219.30000000774	371059.00000001246	646353.2500000019	262609.75000003004	29582.899999997957	125240.69999998689	154160.50000000364	195871.74999999086	0.0	1246995.2500000282	0.0	754802.5	0.0	0.0	0.0	0.0	0.0	18998.77000000255	504535.0	9645648.109999051	731264.6899999665	0.0	4.0	4.0	4.0	4.0	4.0	4.0	4.0	4.0	0.0	4.0	0.0	4.0	0.0	0.0	0.0	0.0	0.0	4.0	4.0	4.0	4.0	0.0	
4	91056.06000000205	319697.79999998497	556471.150000052	226423.4500000255	26003.179999998567	108275.93999999222	133149.10000001424	169023.85000000603	0.0	1073067.5500001125	0.0	649745.5	0.0	0.0	0.0	0.0	0.0	16909.510000000904	434497.0	8307238.299999772	631745.6999999151	0.0	4.0	4.0	4.0	4.0	4.0	4.0	4.0	4.0	0.0	4.0	0.0	4.0	0.0	0.0	0.0	0.0	0.0	4.0	4.0	4.0	4.0	0.0	
5	130703.76000000256	460848.79999996594	802735.4000000528	326166.2000000148	36771.27999999637	155568.23999998003	191483.60000001342	243284.60000002195	0.0	1548669.8000001074	0.0	937418.0	0.0	0.0	0.0	0.0	0.0	23631.0799999995	626612.0	11979698.640000286	908328.5599998878	0.0	5.0	5.0	5.0	5.0	5.0	5.0	5.0	5.0	0.0	5.0	0.0	5.0	0.0	0.0	0.0	0.0	0.0	5.0	5.0	5.0	5.0	0.0	
6	115268.3400000017	404874.1999999729	704779.8500000342	286729.5500000047	32870.019999993434	137079.6599999925	168584.9000000093	214025.15000001382	0.0	1359119.4500000733	0.0	822924.5	0.0	0.0	0.0	0.0	0.0	21342.5600000003	550283.0	10520881.829999562	799856.5699999189	0.0	5.0	5.0	5.0	5.0	5.0	5.0	5.0	5.0	0.0	5.0	0.0	5.0	0.0	0.0	0.0	0.0	0.0	5.0	5.0	5.0	5.0	0.0	
7	109572.74000001115	386846.20000001416	673980.8499999999	273732.55000001984	30683.219999996938	130455.25999998354	160618.90000000235	204124.14999999126	0.0	1300456.4500000088	0.0	787094.5	0.0	0.0	0.0	0.0	0.0	19647.040000002267	526063.0	10057096.029999275	761858.3699999483	0.0	4.0	4.0	4.0	4.0	4.0	4.0	4.0	4.0	0.0	4.0	0.0	4.0	0.0	0.0	0.0	0.0	0.0	4.0	4.0	4.0	4.0	0.0	
8	134785.02000000663	473022.59999998735	823289.5499999993	335038.64999998594	38550.06000000074	160258.97999998703	197054.69999999908	250125.45000000997	0.0	1587508.3499999885	0.0	961273.5	0.0	0.0	0.0	0.0	0.0	25084.40999999676	642849.0	12290911.570000924	934982.0300000178	0.0	6.0	6.0	6.0	6.0	6.0	6.0	6.0	6.0	0.0	6.0	0.0	6.0	0.0	0.0	0.0	0.0	0.0	6.0	6.0	6.0	6.0	0.0	
9	125010.80000000318	440203.999999964	766607.0000000559	311621.0000000113	35332.39999999498	148749.19999998654	183038.00000001397	232493.000000021	0.0	1478759.0000001108	0.0	895190.0	0.0	0.0	0.0	0.0	0.0	22786.519999999648	598460.0	11441651.359999968	868321.4399999087	0.0	5.0	5.0	5.0	5.0	5.0	5.0	5.0	5.0	0.0	5.0	0.0	5.0	0.0	0.0	0.0	0.0	0.0	5.0	5.0	5.0	5.0	0.0	
10	119416.12000000075	419915.59999997733	731102.3000000296	297326.89999999787	33918.359999994434	142047.87999999034	174738.20000000522	221887.70000001392	0.0	1410055.100000043	0.0	853691.0	0.0	0.0	0.0	0.0	0.0	21956.54000000017	570794.0	10912892.619999696	829004.9799999013	0.0	5.0	5.0	5.0	5.0	5.0	5.0	5.0	5.0	0.0	5.0	0.0	5.0	0.0	0.0	0.0	0.0	0.0	5.0	5.0	5.0	5.0	0.0	
11	106038.3000000083	374029.00000000617	651550.7500000013	264702.2500000263	29789.89999999755	126221.69999998735	155375.50000000309	197424.24999999412	0.0	1257052.750000021	0.0	760877.5	0.0	0.0	0.0	0.0	0.0	19120.27000000233	508585.0	9723052.609999096	737020.1899999366	0.0	4.0	4.0	4.0	4.0	4.0	4.0	4.0	4.0	0.0	4.0	0.0	4.0	0.0	0.0	0.0	0.0	0.0	4.0	4.0	4.0	4.0	0.0	
12	134562.16000000792	474840.7999999659	827221.4000000572	336024.2000000176	37746.479999996904	160189.83999997747	197207.60000001296	250598.60000001808	0.0	1596051.8000001067	0.0	966038.0	0.0	0.0	0.0	0.0	0.0	24206.17999999885	645692.0	12344187.830000497	935430.5699998839	0.0	5.0	5.0	5.0	5.0	5.0	5.0	5.0	5.0	0.0	5.0	0.0	5.0	0.0	0.0	0.0	0.0	0.0	5.0	5.0	5.0	5.0	0.0	
13	103370.18000000743	364353.40000000666	634618.4500000116	257885.3500000281	29115.539999997614	123025.81999998688	151417.30000000563	192366.5499999947	0.0	1224287.650000036	0.0	741086.5	0.0	0.0	0.0	0.0	0.0	18728.770000001477	495391.0	9471057.959999215	718282.8399999579	0.0	4.0	4.0	4.0	4.0	4.0	4.0	4.0	4.0	0.0	4.0	0.0	4.0	0.0	0.0	0.0	0.0	0.0	4.0	4.0	4.0	4.0	0.0	
14	111536.52000001071	393967.60000001325	686443.2999999975	278749.9000000216	31179.55999999769	132807.47999998432	163532.20000000115	207846.69999999076	0.0	1324572.1000000013	0.0	801661.0	0.0	0.0	0.0	0.0	0.0	19937.29000000313	535774.0	10242694.81999877	775658.7799999428	0.0	4.0	4.0	4.0	4.0	4.0	4.0	4.0	4.0	0.0	4.0	0.0	4.0	0.0	0.0	0.0	0.0	0.0	4.0	4.0	4.0	4.0	0.0	
15	103777.86000000713	365831.8000000024	637205.6500000173	258926.95000002906	29218.57999999821	123514.13999998743	152022.10000000577	193139.34999999424	0.0	1229294.05000004	0.0	744110.5	0.0	0.0	0.0	0.0	0.0	18791.41000000173	497407.0	9509588.199999088	721147.7999999427	0.0	4.0	4.0	4.0	4.0	4.0	4.0	4.0	4.0	0.0	4.0	0.0	4.0	0.0	0.0	0.0	0.0	0.0	4.0	4.0	4.0	4.0	0.0	
16	133868.7400000073	472326.1999999755	822820.8500000364	334252.550000011	37571.219999995934	159359.25999997844	196178.9000000078	249284.1500000132	0.0	1587536.4500000612	0.0	960894.5	0.0	0.0	0.0	0.0	0.0	24100.60999999994	642263.0	12278824.030000282	930570.3699998836	0.0	5.0	5.0	5.0	5.0	5.0	5.0	5.0	5.0	0.0	5.0	0.0	5.0	0.0	0.0	0.0	0.0	0.0	5.0	5.0	5.0	5.0	0.0	
17	159546.9399999984	560192.1999999739	975086.3500000414	396749.05000001227	45555.82000000354	189721.06000000396	233305.90000000942	296168.65000001265	0.0	1880309.950000075	0.0	1138529.5	0.0	0.0	0.0	0.0	0.0	29604.66999999799	761353.0	14556330.110001203	1106942.6899999587	0.0	7.0	7.0	7.0	7.0	7.0	7.0	7.0	7.0	0.0	7.0	0.0	7.0	0.0	0.0	0.0	0.0	0.0	7.0	7.0	7.0	7.0	0.0	
18	118356.87999999896	416074.3999999757	724380.2000000235	294620.5999999966	33650.63999999411	140779.1199999936	173166.80000000543	219879.8000000147	0.0	1397047.4000000374	0.0	845834.0	0.0	0.0	0.0	0.0	0.0	21796.7000000008	565556.0	10812782.799999543	821561.1999999273	0.0	5.0	5.0	5.0	5.0	5.0	5.0	5.0	5.0	0.0	5.0	0.0	5.0	0.0	0.0	0.0	0.0	0.0	5.0	5.0	5.0	5.0	0.0	
19	112223.48000000615	393832.3999999915	685456.700000048	278950.1000000256	32100.43999999647	133432.51999998823	164067.80000001355	208253.3000000021	0.0	1321727.900000106	0.0	800339.0	0.0	0.0	0.0	0.0	0.0	20893.820000000844	535226.0	10233281.109999852	778471.6899999338	0.0	5.0	5.0	5.0	5.0	5.0	5.0	5.0	5.0	0.0	5.0	0.0	5.0	0.0	0.0	0.0	0.0	0.0	5.0	5.0	5.0	5.0	0.0	
20	110014.00000000888	385820.0000000024	671435.0000000243	273305.00000003376	31541.999999997504	130785.9999999855	160790.00000000777	204064.99999999645	0.0	1294595.0000000538	0.0	783950.0	0.0	0.0	0.0	0.0	0.0	20558.750000001648	524300.0	10024288.959999396	762931.8399999504	0.0	5.0	5.0	5.0	5.0	5.0	5.0	5.0	5.0	0.0	5.0	0.0	5.0	0.0	0.0	0.0	0.0	0.0	5.0	5.0	5.0	5.0	0.0	
21	117296.64000000893	409603.2000000026	712305.600000023	290356.80000002147	34129.919999998216	139311.35999998506	171110.4000000084	216974.3999999965	0.0	1372747.2000000589	0.0	831552.0	0.0	0.0	0.0	0.0	0.0	22491.060000000805	556368.0	10638067.47999983	812082.9199999598	0.0	6.0	6.0	6.0	6.0	6.0	6.0	6.0	6.0	0.0	6.0	0.0	6.0	0.0	0.0	0.0	0.0	0.0	6.0	6.0	6.0	6.0	0.0	
22	126603.30000000313	445978.99999996106	776713.2500000617	315689.7500000205	35734.89999999535	150656.69999998395	185400.50000001464	235511.75000001982	0.0	1498315.250000115	0.0	907002.5	0.0	0.0	0.0	0.0	0.0	23018.450000000164	606335.0	11591988.09999974	879499.8999999171	0.0	5.0	5.0	5.0	5.0	5.0	5.0	5.0	5.0	0.0	5.0	0.0	5.0	0.0	0.0	0.0	0.0	0.0	5.0	5.0	5.0	5.0	0.0	
23	136829.88000000725	483064.39999997325	841612.7000000417	341818.10000000335	38319.63999999569	162906.11999998003	200571.80000000884	254897.300000014	0.0	1623899.900000073	0.0	982859.0	0.0	0.0	0.0	0.0	0.0	24539.899999999812	656906.0	12558684.300000064	951379.6999998924	0.0	5.0	5.0	5.0	5.0	5.0	5.0	5.0	5.0	0.0	5.0	0.0	5.0	0.0	0.0	0.0	0.0	0.0	5.0	5.0	5.0	5.0	0.0	
24	112655.82000001037	398026.60000002064	693546.5499999882	281609.65000002075	31462.459999997598	134148.1799999845	165192.69999999972	209968.44999998776	0.0	1338317.3499999952	0.0	809963.5	0.0	0.0	0.0	0.0	0.0	20106.310000003126	541309.0	10348652.979998942	783537.419999956	0.0	4.0	4.0	4.0	4.0	4.0	4.0	4.0	4.0	0.0	4.0	0.0	4.0	0.0	0.0	0.0	0.0	0.0	4.0	4.0	4.0	4.0	0.0	
25	119963.94000000205	421902.1999999664	734578.8500000461	298726.55000000814	34056.81999999433	142704.05999998853	175550.90000001073	222926.1500000189	0.0	1416782.4500000847	0.0	857754.5	0.0	0.0	0.0	0.0	0.0	22033.489999999994	573503.0	10964495.619999545	832841.979999915	0.0	5.0	5.0	5.0	5.0	5.0	5.0	5.0	5.0	0.0	5.0	0.0	5.0	0.0	0.0	0.0	0.0	0.0	5.0	5.0	5.0	5.0	0.0	
26	98361.54000000664	346190.2	602832.8500000248	245088.5500000266	27849.619999998216	117026.45999998799	143986.90000000794	182872.14999999953	0.0	1162780.4500000635	0.0	703934.5	0.0	0.0	0.0	0.0	0.0	17983.030000001396	470623.0	8997686.439999368	683084.7599999419	0.0	4.0	4.0	4.0	4.0	4.0	4.0	4.0	4.0	0.0	4.0	0.0	4.0	0.0	0.0	0.0	0.0	0.0	4.0	4.0	4.0	4.0	0.0	
27	134005.2400000072	472821.19999997166	823687.1000000457	334601.3000000164	37605.71999999605	159522.75999997754	196381.40000000945	249542.9000000159	0.0	1589212.7000000754	0.0	961907.0	0.0	0.0	0.0	0.0	0.0	24125.989999999292	642938.0	12291896.790000383	931542.4099998755	0.0	5.0	5.0	5.0	5.0	5.0	5.0	5.0	5.0	0.0	5.0	0.0	5.0	0.0	0.0	0.0	0.0	0.0	5.0	5.0	5.0	5.0	0.0	
28	137283.06000000788	484707.7999999651	844488.6500000443	342975.950000004	38434.17999999615	163448.93999997972	201244.10000000818	255756.3500000197	0.0	1629465.0500000669	0.0	986220.5	0.0	0.0	0.0	0.0	0.0	24602.80999999912	659147.0	12601342.780000228	954551.6199998677	0.0	5.0	5.0	5.0	5.0	5.0	5.0	5.0	5.0	0.0	5.0	0.0	5.0	0.0	0.0	0.0	0.0	0.0	5.0	5.0	5.0	5.0	0.0	
29	125864.38000000229	443299.39999998093	772023.95000002	313801.8500000026	35548.13999999545	149771.6199999865	184304.30000000502	234111.05000001052	0.0	1489241.1500000402	0.0	901521.5	0.0	0.0	0.0	0.0	0.0	22915.310000000853	602681.0	11522496.059999747	874332.7399999223	0.0	5.0	5.0	5.0	5.0	5.0	5.0	5.0	5.0	0.0	5.0	0.0	5.0	0.0	0.0	0.0	0.0	0.0	5.0	5.0	5.0	5.0	0.0	
30	104806.16000000737	369560.8000000107	643731.4000000097	261554.20000002685	29478.47999999739	124745.83999998657	153547.60000000478	195088.5999999915	0.0	1241921.8000000373	0.0	751738.0	0.0	0.0	0.0	0.0	0.0	18943.960000001767	502492.0	9606773.849999452	728374.149999955	0.0	4.0	4.0	4.0	4.0	4.0	4.0	4.0	4.0	0.0	4.0	0.0	4.0	0.0	0.0	0.0	0.0	0.0	4.0	4.0	4.0	4.0	0.0	
31	126679.74000000342	446256.1999999694	777198.350000045	315885.05000000866	35754.219999994835	150748.25999998325	185513.90000000966	235656.6500000167	0.0	1499253.9500000768	0.0	907569.5	0.0	0.0	0.0	0.0	0.0	23045.719999999696	606713.0	11599556.540000016	880062.6599999086	0.0	5.0	5.0	5.0	5.0	5.0	5.0	5.0	5.0	0.0	5.0	0.0	5.0	0.0	0.0	0.0	0.0	0.0	5.0	5.0	5.0	5.0	0.0	
32	109799.24000000786	385041.2000000025	670072.100000023	272756.30000002845	31487.719999996778	130528.7599999866	160471.40000000718	203657.89999999607	0.0	1291957.7000000551	0.0	782357.0	0.0	0.0	0.0	0.0	0.0	20525.54000000152	523238.0	10003819.76999936	761409.8299999511	0.0	5.0	5.0	5.0	5.0	5.0	5.0	5.0	5.0	0.0	5.0	0.0	5.0	0.0	0.0	0.0	0.0	0.0	5.0	5.0	5.0	5.0	0.0	
33	165057.08000001105	582800.3999999601	1015400.6999999973	412382.09999999	46201.24000000556	196518.919999986	241963.79999999847	307509.30000003055	0.0	1959255.8999999901	0.0	1185819.0	0.0	0.0	0.0	0.0	0.0	29570.459999994706	792546.0	15151609.880002236	1147692.520000037	0.0	6.0	6.0	6.0	6.0	6.0	6.0	6.0	6.0	0.0	6.0	0.0	6.0	0.0	0.0	0.0	0.0	0.0	6.0	6.0	6.0	6.0	0.0	
34	101524.7000000056	357661.0000000045	622906.7500000158	253170.25000002517	28649.099999997925	120815.29999998953	148679.5000000068	188868.24999999462	0.0	1201624.7500000487	0.0	727397.5	0.0	0.0	0.0	0.0	0.0	18462.280000001894	486265.0	9296983.83999929	705339.3599999289	0.0	4.0	4.0	4.0	4.0	4.0	4.0	4.0	4.0	0.0	4.0	0.0	4.0	0.0	0.0	0.0	0.0	0.0	4.0	4.0	4.0	4.0	0.0	
35	131555.52000000956	463937.59999996814	808140.8000000546	328342.4000000077	36986.559999999896	156588.47999998793	192747.20000001276	244899.20000001366	0.0	1559129.6000001004	0.0	943736.0	0.0	0.0	0.0	0.0	0.0	24750.149999997782	630824.0	12078135.200000938	919160.7999999834	0.0	5.0	5.0	5.0	5.0	5.0	5.0	5.0	5.0	0.0	5.0	0.0	5.0	0.0	0.0	0.0	0.0	0.0	6.0	5.0	6.0	6.0	0.0	
36	105331.96000000517	366214.79999998625	636375.9000000444	259787.70000001675	31105.879999997927	124980.03999998979	153360.6000000136	194294.10000000364	0.0	1225818.3000000953	0.0	742803.0	0.0	0.0	0.0	0.0	0.0	20714.460000000458	497202.0	9507101.729999939	727988.6699999449	0.0	6.0	6.0	6.0	6.0	6.0	6.0	6.0	6.0	0.0	6.0	0.0	6.0	0.0	0.0	0.0	0.0	0.0	6.0	6.0	6.0	6.0	0.0	
37	111387.10000000964	388173.0000000045	674802.750000018	275258.25000002934	32636.29999999791	132232.89999998568	162343.5000000067	205772.24999999415	0.0	1300176.7500000505	0.0	787717.5	0.0	0.0	0.0	0.0	0.0	21612.48000000257	527145.0	10079206.98999891	770528.2099999427	0.0	6.0	6.0	6.0	6.0	6.0	6.0	6.0	6.0	0.0	6.0	0.0	6.0	0.0	0.0	0.0	0.0	0.0	6.0	6.0	6.0	6.0	0.0	
38	156991.6599999978	550925.7999999817	958870.1500000292	390220.4500000028	44909.98000000204	186660.3400000071	229515.10000000597	291324.8500000105	0.0	1848930.5500000443	0.0	1119575.5	0.0	0.0	0.0	0.0	0.0	29231.259999998274	748717.0	14315000.080000835	1088998.3199999533	0.0	7.0	7.0	7.0	7.0	7.0	7.0	7.0	7.0	0.0	7.0	0.0	7.0	0.0	0.0	0.0	0.0	0.0	7.0	7.0	7.0	7.0	0.0	
39	141134.00000000143	493419.99999996694	858235.0000000695	349705.00000002095	40902.00000000129	167665.99999999738	205990.0000000158	261265.00000001473	0.0	1654195.0000001236	0.0	1001950.0	0.0	0.0	0.0	0.0	0.0	26871.45999999873	670300.0	12816104.940000685	977546.2599999412	0.0	7.0	7.0	7.0	7.0	7.0	7.0	7.0	7.0	0.0	7.0	0.0	7.0	0.0	0.0	0.0	0.0	0.0	7.0	7.0	7.0	7.0	0.0	
40	116988.24000000059	411111.1999999639	715694.6000000407	291123.8000000033	33304.71999999349	139139.7599999921	171136.40000000945	217285.40000002008	0.0	1380240.2000000728	0.0	835682.0	0.0	0.0	0.0	0.0	0.0	21596.359999999637	558788.0	10683431.279999655	811943.1199999125	0.0	5.0	5.0	5.0	5.0	5.0	5.0	5.0	5.0	0.0	5.0	0.0	5.0	0.0	0.0	0.0	0.0	0.0	5.0	5.0	5.0	5.0	0.0	
41	123343.68000000229	434158.3999999879	756027.2000000167	307361.60000000254	34911.0399999951	146752.31999998723	180564.80000000325	229332.80000000825	0.0	1458286.4000000271	0.0	882824.0	0.0	0.0	0.0	0.0	0.0	22544.330000000384	590216.0	11284090.199999752	856605.7999999069	0.0	5.0	5.0	5.0	5.0	5.0	5.0	5.0	5.0	0.0	5.0	0.0	5.0	0.0	0.0	0.0	0.0	0.0	5.0	5.0	5.0	5.0	0.0	
42	94885.34000000378	333584.19999999675	580772.3500000315	236207.05000002444	26971.01999999826	112862.6599999906	138829.90000001015	176282.65000000034	0.0	1120091.9500000793	0.0	678149.5	0.0	0.0	0.0	0.0	0.0	17465.710000001698	453433.0	8668975.32999939	658643.0699999471	0.0	4.0	4.0	4.0	4.0	4.0	4.0	4.0	4.0	0.0	4.0	0.0	4.0	0.0	0.0	0.0	0.0	0.0	4.0	4.0	4.0	4.0	0.0	
43	132689.3800000063	468049.39999997173	815336.4500000483	331239.35000001296	37273.13999999579	157946.61999997872	194429.30000001146	247048.55000001504	0.0	1573053.650000091	0.0	952146.5	0.0	0.0	0.0	0.0	0.0	23936.449999999622	636431.0	12167877.580000255	922320.8199998954	0.0	5.0	5.0	5.0	5.0	5.0	5.0	5.0	5.0	0.0	5.0	0.0	5.0	0.0	0.0	0.0	0.0	0.0	5.0	5.0	5.0	5.0	0.0	
44	111041.4800000102	392172.40000001295	683301.7000000027	277485.1000000223	31054.439999997852	132214.51999998535	162797.80000000377	206908.29999999172	0.0	1318492.900000019	0.0	797989.0	0.0	0.0	0.0	0.0	0.0	19865.200000002103	533326.0	10196080.109999122	772192.6899999487	0.0	4.0	4.0	4.0	4.0	4.0	4.0	4.0	4.0	0.0	4.0	0.0	4.0	0.0	0.0	0.0	0.0	0.0	4.0	4.0	4.0	4.0	0.0	
45	106489.66000000873	375665.8000000137	654415.1500000039	265855.45000002277	29903.97999999718	126762.33999998575	156045.10000000388	198279.84999999142	0.0	1262595.5500000229	0.0	764225.5	0.0	0.0	0.0	0.0	0.0	19192.09000000214	510817.0	9765711.089999055	740192.1099999547	0.0	4.0	4.0	4.0	4.0	4.0	4.0	4.0	4.0	0.0	4.0	0.0	4.0	0.0	0.0	0.0	0.0	0.0	4.0	4.0	4.0	4.0	0.0	
46	108001.26000001188	383773.8000000028	669354.1500000147	271272.4500000223	29538.77999999751	128770.73999998359	158771.1000000052	202040.84999999547	0.0	1292438.5500000364	0.0	781855.5	0.0	0.0	0.0	0.0	0.0	19563.340000002125	522237.0	9998956.649999043	757535.3499999254	0.0	3.0	3.0	3.0	3.0	3.0	3.0	3.0	3.0	0.0	3.0	0.0	3.0	0.0	0.0	0.0	0.0	0.0	4.0	3.0	4.0	4.0	0.0	
47	101643.0000000085	358090.00000000047	623657.5000000139	253472.50000002157	28678.999999997224	120956.99999998593	148855.0000000056	189092.49999999662	0.0	1203077.500000037	0.0	728275.0	0.0	0.0	0.0	0.0	0.0	18471.19000000179	486850.0	9307992.479999172	706157.9199999365	0.0	4.0	4.0	4.0	4.0	4.0	4.0	4.0	4.0	0.0	4.0	0.0	4.0	0.0	0.0	0.0	0.0	0.0	4.0	4.0	4.0	4.0	0.0	
48	116868.12000000296	410675.5999999805	714932.3000000286	290816.9000000005	33274.359999993976	138995.8799999909	170958.2000000068	217057.70000001095	0.0	1378765.1000000525	0.0	834791.0	0.0	0.0	0.0	0.0	0.0	21574.220000000503	558194.0	10671906.60999968	811086.1899999084	0.0	5.0	5.0	5.0	5.0	5.0	5.0	5.0	5.0	0.0	5.0	0.0	5.0	0.0	0.0	0.0	0.0	0.0	5.0	5.0	5.0	5.0	0.0	
49	107339.60000000971	378748.0000000113	659809.0000000012	268027.0000000226	30118.799999997038	127780.3999999856	157306.0000000027	199890.9999999927	0.0	1273033.0000000165	0.0	770530.0	0.0	0.0	0.0	0.0	0.0	19316.830000002283	515020.0	9846211.769998843	746177.8299999419	0.0	4.0	4.0	4.0	4.0	4.0	4.0	4.0	4.0	0.0	4.0	0.0	4.0	0.0	0.0	0.0	0.0	0.0	4.0	4.0	4.0	4.0	0.0	
50	107764.48000000714	377662.39999998925	657159.2000000433	267557.60000002175	30973.43999999703	128091.51999998694	157452.8000000137	199800.80000000473	0.0	1266970.4000001093	0.0	767264.0	0.0	0.0	0.0	0.0	0.0	20229.62000000088	513176.0	9811856.609999817	747136.1899999543	0.0	5.0	5.0	5.0	5.0	5.0	5.0	5.0	5.0	0.0	5.0	0.0	5.0	0.0	0.0	0.0	0.0	0.0	5.0	5.0	5.0	5.0	0.0	
51	127705.22000000447	447348.59999997093	778360.0500000406	316950.1500000009	36760.65999999533	151778.77999998757	186551.70000000845	236704.95000001616	0.0	1500566.850000067	0.0	908758.5	0.0	0.0	0.0	0.0	0.0	24032.219999999867	607839.0	11621448.64999985	885203.3499999087	0.0	6.0	6.0	6.0	6.0	6.0	6.0	6.0	6.0	0.0	6.0	0.0	6.0	0.0	0.0	0.0	0.0	0.0	6.0	6.0	6.0	6.0	0.0	
52	134159.94000000748	473382.1999999756	824668.850000034	334996.55000001076	37644.819999996405	159708.05999997875	196610.90000000742	249836.1500000107	0.0	1591112.4500000642	0.0	963054.5	0.0	0.0	0.0	0.0	0.0	24145.969999999426	643703.0	12306345.630000414	932616.7699998767	0.0	5.0	5.0	5.0	5.0	5.0	5.0	5.0	5.0	0.0	5.0	0.0	5.0	0.0	0.0	0.0	0.0	0.0	5.0	5.0	5.0	5.0	0.0	
53	117236.58000000735	409385.39999998815	711924.4500000534	290203.35000001814	34114.73999999785	139239.41999998756	171021.3000000165	216860.5500000032	0.0	1372009.6500001263	0.0	831106.5	0.0	0.0	0.0	0.0	0.0	22488.08999999939	556071.0	10632735.170000423	811686.4299999669	0.0	6.0	6.0	6.0	6.0	6.0	6.0	6.0	6.0	0.0	6.0	0.0	6.0	0.0	0.0	0.0	0.0	0.0	6.0	6.0	6.0	6.0	0.0	
54	129740.98000000327	457357.39999997563	796625.4500000299	323706.34999999835	36527.9399999946	154415.01999998518	190055.30000000598	241459.550000013	0.0	1536846.6500000488	0.0	930276.5	0.0	0.0	0.0	0.0	0.0	23483.930000000313	621851.0	11888533.339999817	901549.8599998986	0.0	5.0	5.0	5.0	5.0	5.0	5.0	5.0	5.0	0.0	5.0	0.0	5.0	0.0	0.0	0.0	0.0	0.0	5.0	5.0	5.0	5.0	0.0	
55	141003.96000000773	495574.79999997333	862755.9000000458	350927.70000001	40121.87999999909	167708.03999998653	206280.60000000976	261914.10000001482	0.0	1663878.30000008	0.0	1007403.0	0.0	0.0	0.0	0.0	0.0	26005.10999999875	673602.0	12878325.720000653	978659.8799999289	0.0	6.0	6.0	6.0	6.0	6.0	6.0	6.0	6.0	0.0	6.0	0.0	6.0	0.0	0.0	0.0	0.0	0.0	6.0	6.0	6.0	6.0	0.0	
56	133199.80000000502	467273.99999997637	813229.5000000418	330988.500000009	38149.39999999603	158360.1999999841	194703.0000000081	247120.5000000119	0.0	1568041.5000000715	0.0	949515.0	0.0	0.0	0.0	0.0	0.0	24848.699999999208	635010.0	12140918.850000426	923829.1499999053	0.0	6.0	6.0	6.0	6.0	6.0	6.0	6.0	6.0	0.0	6.0	0.0	6.0	0.0	0.0	0.0	0.0	0.0	6.0	6.0	6.0	6.0	0.0	
57	138241.2000000102	485555.9999999755	845223.0000000249	343868.99999999197	39423.60000000081	164398.7999999864	202182.0000000041	256677.00000001406	0.0	1629951.0000000321	0.0	986910.0	0.0	0.0	0.0	0.0	0.0	25592.279999996557	659940.0	12617214.540001135	959244.6600000053	0.0	6.0	6.0	6.0	6.0	6.0	6.0	6.0	6.0	0.0	6.0	0.0	6.0	0.0	0.0	0.0	0.0	0.0	6.0	6.0	6.0	6.0	0.0	
58	105792.60000000962	373138.00000000437	649991.5000000168	264074.5000000248	29727.79999999768	125927.39999998544	155011.00000000597	196958.49999999633	0.0	1254035.5000000435	0.0	759055.0	0.0	0.0	0.0	0.0	0.0	19083.820000001633	507370.0	9699831.25999925	735293.5399999293	0.0	4.0	4.0	4.0	4.0	4.0	4.0	4.0	4.0	0.0	4.0	0.0	4.0	0.0	0.0	0.0	0.0	0.0	4.0	4.0	4.0	4.0	0.0	
59	177910.73999999173	626786.1999999688	1091625.8500000706	443667.5500000254	50197.22000000621	211717.26000000956	260548.90000001565	330979.1500000156	0.0	2105821.4500001227	0.0	1274744.5	0.0	0.0	0.0	0.0	0.0	32327.07999999563	852163.0	16292083.020001808	1236006.580000007	0.0	7.0	7.0	7.0	7.0	7.0	7.0	7.0	7.0	0.0	7.0	0.0	7.0	0.0	0.0	0.0	0.0	0.0	7.0	7.0	7.0	7.0	0.0	
60	113677.6600000018	399105.7999999696	694685.1500000375	282665.4500000043	32467.97999999337	135174.33999999292	166225.10000000885	211009.8500000182	0.0	1339585.550000069	0.0	811125.5	0.0	0.0	0.0	0.0	0.0	21111.97999999993	542417.0	10370717.099999528	788690.8999998993	0.0	5.0	5.0	5.0	5.0	5.0	5.0	5.0	5.0	0.0	5.0	0.0	5.0	0.0	0.0	0.0	0.0	0.0	5.0	5.0	5.0	5.0	0.0	
61	128077.50000000394	451324.9999999662	786068.7500000485	319456.25000000495	36107.499999994136	152422.4999999849	187587.5000000102	238306.25000001758	0.0	1516418.7500000803	0.0	917937.5	0.0	0.0	0.0	0.0	0.0	23237.149999999376	613625.0	11731316.200000003	889859.7999998945	0.0	5.0	5.0	5.0	5.0	5.0	5.0	5.0	5.0	0.0	5.0	0.0	5.0	0.0	0.0	0.0	0.0	0.0	5.0	5.0	5.0	5.0	0.0	
62	123068.86000000247	433161.79999995354	754283.1500000737	306659.45000001695	34841.57999999446	146423.13999998587	180157.10000001715	228811.85000002527	0.0	1454911.5500001356	0.0	880785.5	0.0	0.0	0.0	0.0	0.0	22497.619999999213	588857.0	11258288.700000037	854687.2999999049	0.0	5.0	5.0	5.0	5.0	5.0	5.0	5.0	5.0	0.0	5.0	0.0	5.0	0.0	0.0	0.0	0.0	0.0	5.0	5.0	5.0	5.0	0.0	
63	110804.88000001156	391314.4000000091	681800.20000001	276880.6000000262	30994.63999999793	131931.11999998314	162446.80000000447	206459.79999999338	0.0	1315587.4000000292	0.0	796234.0	0.0	0.0	0.0	0.0	0.0	19834.960000002142	532156.0	10173718.809999058	770529.9899999407	0.0	4.0	4.0	4.0	4.0	4.0	4.0	4.0	4.0	0.0	4.0	0.0	4.0	0.0	0.0	0.0	0.0	0.0	4.0	4.0	4.0	4.0	0.0	
64	120617.32000000424	424271.5999999486	738725.3000000772	300395.90000002197	34221.95999999481	143486.67999998364	176520.20000001905	224164.7000000257	0.0	1424806.1000001503	0.0	862601.0	0.0	0.0	0.0	0.0	0.0	22133.65999999885	576734.0	11026591.230000168	837459.1699999077	0.0	5.0	5.0	5.0	5.0	5.0	5.0	5.0	5.0	0.0	5.0	0.0	5.0	0.0	0.0	0.0	0.0	0.0	5.0	5.0	5.0	5.0	0.0	
65	112388.28000001068	397056.40000001853	691848.6999999933	280926.1000000206	31394.83999999717	133827.7199999839	164795.8000000012	209461.2999999877	0.0	1335031.9000000027	0.0	807979.0	0.0	0.0	0.0	0.0	0.0	20062.300000002288	539986.0	10323195.499999123	781644.4999999464	0.0	4.0	4.0	4.0	4.0	4.0	4.0	4.0	4.0	0.0	4.0	0.0	4.0	0.0	0.0	0.0	0.0	0.0	4.0	4.0	4.0	4.0	0.0	
66	158143.71999999558	555103.5999999898	966181.3000000259	393163.90000000945	45201.160000005075	188040.28000000736	231224.20000000572	293508.70000000513	0.0	1863078.1000000515	0.0	1128121.0	0.0	0.0	0.0	0.0	0.0	29393.529999996215	754414.0	14423538.390001485	1097068.80999998	0.0	7.0	7.0	7.0	7.0	7.0	7.0	7.0	7.0	0.0	7.0	0.0	7.0	0.0	0.0	0.0	0.0	0.0	7.0	7.0	7.0	7.0	0.0	
67	133641.2400000075	471501.19999998016	821377.1000000255	333671.3000000058	37513.71999999635	159086.75999997943	195841.40000000672	248852.9000000115	0.0	1584742.700000055	0.0	959207.0	0.0	0.0	0.0	0.0	0.0	24066.859999999502	641138.0	12257322.78000037	928971.6199998647	0.0	5.0	5.0	5.0	5.0	5.0	5.0	5.0	5.0	0.0	5.0	0.0	5.0	0.0	0.0	0.0	0.0	0.0	5.0	5.0	5.0	5.0	0.0	
68	143885.02000000924	506022.5999999815	881039.5500000215	358288.64999999217	40850.060000001504	171158.97999998686	210554.70000000406	267375.4500000129	0.0	1699258.3500000322	0.0	1028773.5	0.0	0.0	0.0	0.0	0.0	26435.759999997525	687849.0	13150961.57000118	998932.0299999899	0.0	6.0	6.0	6.0	6.0	6.0	6.0	6.0	6.0	0.0	6.0	0.0	6.0	0.0	0.0	0.0	0.0	0.0	6.0	6.0	6.0	6.0	0.0	
69	126135.56000000534	444282.7999999811	773744.9000000282	314494.7000000012	35616.67999999545	150096.43999998335	184706.60000000626	234625.10000001083	0.0	1492571.300000053	0.0	903533.0	0.0	0.0	0.0	0.0	0.0	22956.350000000064	604022.0	11548297.560000105	876251.2399998966	0.0	5.0	5.0	5.0	5.0	5.0	5.0	5.0	5.0	0.0	5.0	0.0	5.0	0.0	0.0	0.0	0.0	0.0	5.0	5.0	5.0	5.0	0.0	
70	102782.32000000673	362221.60000000783	630887.8000000081	256383.40000002398	28966.959999997576	122321.67999998771	150545.2000000048	191252.19999999405	0.0	1217068.6000000313	0.0	736726.0	0.0	0.0	0.0	0.0	0.0	18638.050000001887	492484.0	9415326.719999202	714138.8799999391	0.0	4.0	4.0	4.0	4.0	4.0	4.0	4.0	4.0	0.0	4.0	0.0	4.0	0.0	0.0	0.0	0.0	0.0	4.0	4.0	4.0	4.0	0.0	
71	131566.4400000043	463977.1999999719	808210.1000000502	328370.3000000036	36989.319999995685	156601.55999998297	192763.40000001082	244919.90000001417	0.0	1559263.70000009	0.0	943817.0	0.0	0.0	0.0	0.0	0.0	23754.73999999973	630878.0	12061059.370000115	914378.2299998999	0.0	5.0	5.0	5.0	5.0	5.0	5.0	5.0	5.0	0.0	5.0	0.0	5.0	0.0	0.0	0.0	0.0	0.0	5.0	5.0	5.0	5.0	0.0	
72	162381.68000001198	573098.3999999692	998422.1999999776	405546.59999997786	45525.040000004374	193314.31999998586	237994.79999999306	302437.800000022	0.0	1926401.3999999485	0.0	1165974.0	0.0	0.0	0.0	0.0	0.0	29177.879999995293	779316.0	14898927.190001972	1128904.0100000286	0.0	6.0	6.0	6.0	6.0	6.0	6.0	6.0	6.0	0.0	6.0	0.0	6.0	0.0	0.0	0.0	0.0	0.0	6.0	6.0	6.0	6.0	0.0	
73	127580.64000000525	449523.19999996666	782915.6000000485	318186.80000000534	35981.91999999365	151827.35999998316	186850.40000001196	237364.4000000183	0.0	1510317.2000000938	0.0	914252.0	0.0	0.0	0.0	0.0	0.0	23175.859999999204	611168.0	11685045.509999875	886419.289999898	0.0	5.0	5.0	5.0	5.0	5.0	5.0	5.0	5.0	0.0	5.0	0.0	5.0	0.0	0.0	0.0	0.0	0.0	5.0	5.0	5.0	5.0	0.0	
74	113084.33999999931	396954.1999999626	690919.8500000524	281149.5500000013	32318.019999993772	134463.65999999567	165344.90000001204	209885.15000002095	0.0	1332299.4500000942	0.0	806724.5	0.0	0.0	0.0	0.0	0.0	21020.71999999985	539483.0	10314641.839999631	784521.3599999043	0.0	5.0	5.0	5.0	5.0	5.0	5.0	5.0	5.0	0.0	5.0	0.0	5.0	0.0	0.0	0.0	0.0	0.0	5.0	5.0	5.0	5.0	0.0	
75	97253.16000000447	342170.7999999989	595798.9000000312	242256.70000002405	27569.479999998086	115698.83999999061	142342.60000001092	180771.09999999736	0.0	1149169.3000000822	0.0	695713.0	0.0	0.0	0.0	0.0	0.0	17816.980000000964	465142.0	8892760.339999674	675282.8599999467	0.0	4.0	4.0	4.0	4.0	4.0	4.0	4.0	4.0	0.0	4.0	0.0	4.0	0.0	0.0	0.0	0.0	0.0	4.0	4.0	4.0	4.0	0.0	
76	120995.88000000281	425644.39999995264	741127.7000000635	301363.10000001657	34317.639999994484	143940.11999998603	177081.80000001407	224882.30000002641	0.0	1429454.9000001117	0.0	865409.0	0.0	0.0	0.0	0.0	0.0	22196.029999998602	578606.0	11062541.319999963	840132.2799999062	0.0	5.0	5.0	5.0	5.0	5.0	5.0	5.0	5.0	0.0	5.0	0.0	5.0	0.0	0.0	0.0	0.0	0.0	5.0	5.0	5.0	5.0	0.0	
77	126244.76000000318	444678.7999999859	774437.9000000055	314773.7000000003	35644.279999995306	150227.23999998524	184868.60000000105	234832.10000000833	0.0	1493912.300000009	0.0	904343.0	0.0	0.0	0.0	0.0	0.0	22967.96000000044	604562.0	11558274.139999732	876993.0599999031	0.0	5.0	5.0	5.0	5.0	5.0	5.0	5.0	5.0	0.0	5.0	0.0	5.0	0.0	0.0	0.0	0.0	0.0	5.0	5.0	5.0	5.0	0.0	
78	114879.86000001359	406091.8000000114	707660.6500000063	287291.95000002335	32024.579999997215	136812.1399999816	168492.10000000405	214184.34999999203	0.0	1365629.050000028	0.0	826460.5	0.0	0.0	0.0	0.0	0.0	20442.19000000137	552307.0	10559021.209999472	799179.5899999231	0.0	4.0	4.0	4.0	4.0	4.0	4.0	4.0	4.0	0.0	4.0	0.0	4.0	0.0	0.0	0.0	0.0	0.0	4.0	4.0	4.0	4.0	0.0	
79	132139.74000000808	466056.1999999705	811848.3500000415	329835.0500000129	37134.21999999667	157288.25999997725	193613.90000000864	246006.65000001568	0.0	1566303.9500000756	0.0	948069.5	0.0	0.0	0.0	0.0	0.0	23839.789999999488	633713.0	12115242.52000052	918407.0799998753	0.0	5.0	5.0	5.0	5.0	5.0	5.0	5.0	5.0	0.0	5.0	0.0	5.0	0.0	0.0	0.0	0.0	0.0	5.0	5.0	5.0	5.0	0.0	
80	118569.8200000025	416846.59999997943	725731.5500000279	295164.65000000154	33704.459999994535	141034.179999989	173482.70000000624	220283.45000001107	0.0	1399662.350000051	0.0	847413.5	0.0	0.0	0.0	0.0	0.0	21841.2500000004	566609.0	10833596.009999469	823108.7899999201	0.0	5.0	5.0	5.0	5.0	5.0	5.0	5.0	5.0	0.0	5.0	0.0	5.0	0.0	0.0	0.0	0.0	0.0	5.0	5.0	5.0	5.0	0.0	
81	156137.26000001232	550453.799999989	958794.1499999841	389592.4499999815	43946.78000000374	185834.73999998393	228731.0999999955	290600.85000001587	0.0	1849718.5499999637	0.0	1119655.5	0.0	0.0	0.0	0.0	0.0	28250.699999996665	748437.0	14308760.880001713	1085021.520000014	0.0	6.0	6.0	6.0	6.0	6.0	6.0	6.0	6.0	0.0	6.0	0.0	6.0	0.0	0.0	0.0	0.0	0.0	6.0	6.0	6.0	6.0	0.0	
82	125715.14000000512	442758.19999997364	771076.8500000436	313420.5500000161	35510.419999994825	149592.85999998281	184082.9000000117	233828.15000001475	0.0	1487408.4500000896	0.0	900414.5	0.0	0.0	0.0	0.0	0.0	22896.140000000192	601943.0	11508563.249999847	873296.749999904	0.0	5.0	5.0	5.0	5.0	5.0	5.0	5.0	5.0	0.0	5.0	0.0	5.0	0.0	0.0	0.0	0.0	0.0	5.0	5.0	5.0	5.0	0.0	
83	106417.67999999707	372778.39999996603	648612.2000000527	264116.60000000586	30633.039999995217	126478.31999999807	155454.80000001402	197247.80000001995	0.0	1250431.4000001089	0.0	757274.0	0.0	0.0	0.0	0.0	0.0	20027.930000000368	506516.0	9684225.189999497	737646.0099999236	0.0	5.0	5.0	5.0	5.0	5.0	5.0	5.0	5.0	0.0	5.0	0.0	5.0	0.0	0.0	0.0	0.0	0.0	5.0	5.0	5.0	5.0	0.0	
84	125312.92000000055	441299.5999999631	768524.3000000498	312392.89999999903	35408.759999994734	149111.07999998677	183486.2000000104	233065.70000001907	0.0	1482469.1000000827	0.0	897431.0	0.0	0.0	0.0	0.0	0.0	22835.65999999943	599954.0	11470377.030000074	870457.3699999026	0.0	5.0	5.0	5.0	5.0	5.0	5.0	5.0	5.0	0.0	5.0	0.0	5.0	0.0	0.0	0.0	0.0	0.0	5.0	5.0	5.0	5.0	0.0	
85	122673.92000000298	431729.5999999746	751776.8000000359	305650.40000000346	34741.759999993774	145950.0799999887	179571.20000000743	228063.20000001387	0.0	1450061.6000000574	0.0	877856.0	0.0	0.0	0.0	0.0	0.0	22435.520000000535	586904.0	11220618.509999327	851886.289999927	0.0	5.0	5.0	5.0	5.0	5.0	5.0	5.0	5.0	0.0	5.0	0.0	5.0	0.0	0.0	0.0	0.0	0.0	5.0	5.0	5.0	5.0	0.0	
86	104818.90000000871	369607.00000000827	643812.250000015	261586.75000002992	29481.699999997993	124761.09999998607	153566.50000000442	195112.74999999537	0.0	1242078.250000032	0.0	751832.5	0.0	0.0	0.0	0.0	0.0	18948.01000000167	502555.0	9608149.929999258	728476.4699999499	0.0	4.0	4.0	4.0	4.0	4.0	4.0	4.0	4.0	0.0	4.0	0.0	4.0	0.0	0.0	0.0	0.0	0.0	4.0	4.0	4.0	4.0	0.0	
87	140865.64000000706	495073.19999996416	861878.100000052	350574.30000000924	40086.91999999609	167542.3599999791	206075.4000000114	261651.90000001894	0.0	1662179.7000000905	0.0	1006377.0	0.0	0.0	0.0	0.0	0.0	25988.099999999864	672918.0	12865596.98000002	977713.4199998897	0.0	6.0	6.0	6.0	6.0	6.0	6.0	6.0	6.0	0.0	6.0	0.0	6.0	0.0	0.0	0.0	0.0	0.0	6.0	6.0	6.0	6.0	0.0	
88	89718.36000000162	314846.7999999829	547981.9000000582	223005.70000002635	25665.079999998812	106673.63999999316	131164.60000001668	166488.10000000757	0.0	1056640.3000001248	0.0	639823.0	0.0	0.0	0.0	0.0	0.0	16705.66000000072	427882.0	8180810.949999892	622345.0499999138	0.0	4.0	4.0	4.0	4.0	4.0	4.0	4.0	4.0	0.0	4.0	0.0	4.0	0.0	0.0	0.0	0.0	0.0	4.0	4.0	4.0	4.0	0.0	
89	135625.0400000064	478695.1999999856	833966.6000000155	338739.8000000036	38015.11999999535	161462.95999998253	198784.40000000558	252613.4000000095	0.0	1609104.2000000463	0.0	973922.0	0.0	0.0	0.0	0.0	0.0	24364.130000000772	650948.0	12444813.679999841	942912.7199998889	0.0	5.0	5.0	5.0	5.0	5.0	5.0	5.0	5.0	0.0	5.0	0.0	5.0	0.0	0.0	0.0	0.0	0.0	5.0	5.0	5.0	5.0	0.0	
90	121942.28000000157	429076.3999999567	747133.7000000655	303781.10000001383	34556.839999994394	145073.71999998565	178485.8000000157	226676.30000002438	0.0	1441076.9000001238	0.0	872429.0	0.0	0.0	0.0	0.0	0.0	22331.299999999068	583286.0	11151642.499999983	846757.4999999148	0.0	5.0	5.0	5.0	5.0	5.0	5.0	5.0	5.0	0.0	5.0	0.0	5.0	0.0	0.0	0.0	0.0	0.0	5.0	5.0	5.0	5.0	0.0	
91	155105.32000001514	546711.5999999999	952245.2999999822	386955.8999999826	43685.96000000413	184598.67999998623	227200.19999999457	288644.7000000079	0.0	1837046.0999999626	0.0	1112001.0	0.0	0.0	0.0	0.0	0.0	28099.76999999532	743334.0	14211403.220001936	1077782.3800000355	0.0	6.0	6.0	6.0	6.0	6.0	6.0	6.0	6.0	0.0	6.0	0.0	6.0	0.0	0.0	0.0	0.0	0.0	6.0	6.0	6.0	6.0	0.0	
92	124237.30000000377	437398.99999996106	761698.250000075	309644.7500000199	35136.899999995854	147822.69999998258	181890.50000001892	231026.75000002029	0.0	1469260.2500001506	0.0	889452.5	0.0	0.0	0.0	0.0	0.0	22672.039999998928	594635.0	11368719.120000266	862898.4799999065	0.0	5.0	5.0	5.0	5.0	5.0	5.0	5.0	5.0	0.0	5.0	0.0	5.0	0.0	0.0	0.0	0.0	0.0	5.0	5.0	5.0	5.0	0.0	
93	129670.00000000223	457099.9999999712	796175.0000000461	323525.00000000803	36509.99999999584	154329.99999998303	189950.00000001007	241325.00000001467	0.0	1535975.0000000827	0.0	929750.0	0.0	0.0	0.0	0.0	0.0	23476.1000000002	621500.0	11881996.96	901063.8399999029	0.0	5.0	5.0	5.0	5.0	5.0	5.0	5.0	5.0	0.0	5.0	0.0	5.0	0.0	0.0	0.0	0.0	0.0	5.0	5.0	5.0	5.0	0.0	
94	112354.52000000233	394307.5999999681	686288.300000043	279284.9000000104	32133.55999999469	133589.4799999928	164262.20000001037	208501.70000001762	0.0	1323337.1000000811	0.0	801311.0	0.0	0.0	0.0	0.0	0.0	20904.619999999737	535874.0	10245321.809999645	779366.9899999264	0.0	5.0	5.0	5.0	5.0	5.0	5.0	5.0	5.0	0.0	5.0	0.0	5.0	0.0	0.0	0.0	0.0	0.0	5.0	5.0	5.0	5.0	0.0	
95	117210.28000000698	411916.39999998733	717103.7000000578	291691.1000000274	33360.83999999665	139405.71999998405	171465.800000017	217706.30000000235	0.0	1382966.9000001322	0.0	837329.0	0.0	0.0	0.0	0.0	0.0	21625.79000000061	559886.0	10704416.50000002	813503.4999999378	0.0	5.0	5.0	5.0	5.0	5.0	5.0	5.0	5.0	0.0	5.0	0.0	5.0	0.0	0.0	0.0	0.0	0.0	5.0	5.0	5.0	5.0	0.0	
96	113165.42000001312	399874.6000000113	696780.5499999982	282911.65000002267	31591.259999997663	134758.5799999825	165948.7000000014	210934.4499999925	0.0	1344575.3500000057	0.0	813743.5	0.0	0.0	0.0	0.0	0.0	20177.59000000275	543829.0	10396643.769999053	787105.8299999383	0.0	4.0	4.0	4.0	4.0	4.0	4.0	4.0	4.0	0.0	4.0	0.0	4.0	0.0	0.0	0.0	0.0	0.0	4.0	4.0	4.0	4.0	0.0	
97	109328.86000001006	385961.8000000131	672433.1499999984	273109.45000002126	30621.57999999694	130163.13999998377	160257.1000000012	203661.84999999107	0.0	1297461.5500000047	0.0	785285.5	0.0	0.0	0.0	0.0	0.0	19612.210000001684	524857.0	10034046.689999266	760144.509999934	0.0	4.0	4.0	4.0	4.0	4.0	4.0	4.0	4.0	0.0	4.0	0.0	4.0	0.0	0.0	0.0	0.0	0.0	4.0	4.0	4.0	4.0	0.0	
98	103350.16000000635	364280.80000000994	634491.40000001	257834.2000000262	29110.47999999784	123001.83999998707	151387.60000000562	192328.59999999238	0.0	1224041.8000000352	0.0	740938.0	0.0	0.0	0.0	0.0	0.0	18721.480000002	495292.0	9468993.839999152	718129.3599999677	0.0	4.0	4.0	4.0	4.0	4.0	4.0	4.0	4.0	0.0	4.0	0.0	4.0	0.0	0.0	0.0	0.0	0.0	4.0	4.0	4.0	4.0	0.0	
99	133135.28000000512	469666.3999999666	818166.2000000514	332378.60000000446	37385.83999999576	158480.71999998094	195090.80000001233	247893.80000001812	0.0	1578529.400000094	0.0	955454.0	0.0	0.0	0.0	0.0	0.0	23993.14999999929	638636.0	12209848.020000275	925441.5799998882	0.0	5.0	5.0	5.0	5.0	5.0	5.0	5.0	5.0	0.0	5.0	0.0	5.0	0.0	0.0	0.0	0.0	0.0	5.0	5.0	5.0	5.0	0.0	
