0	13026.560000000001	40169.999999999985	0.0	0.0	0.0	0.0	0.0	0.0	0.0	0.0	0.0	0.0	0.0	0.0	0.0	0.0	12253.960000000034	4083.9000000000137	59824.0	1535367.3999999962	71619.54000000023	0.0	10.0	9.0	0.0	0.0	0.0	0.0	0.0	0.0	0.0	0.0	0.0	0.0	0.0	0.0	0.0	0.0	10.0	15.0	10.0	16.0	7.0	0.0	
1	12861.140000000009	37262.99999999999	0.0	0.0	0.0	0.0	0.0	0.0	0.0	0.0	0.0	0.0	0.0	0.0	0.0	0.0	12121.040000000005	3821.3300000000027	59913.0	1674371.8299999957	70300.98000000005	0.0	8.0	6.0	0.0	0.0	0.0	0.0	0.0	0.0	0.0	0.0	0.0	0.0	0.0	0.0	0.0	0.0	8.0	11.0	9.0	13.0	6.0	0.0	
2	20133.360000000008	54678.80000000005	0.0	0.0	0.0	0.0	0.0	0.0	0.0	0.0	0.0	0.0	0.0	0.0	0.0	0.0	19058.999999999993	5555.53000000001	94145.0	2078210.6099999894	72564.81000000016	0.0	13.0	11.0	0.0	0.0	0.0	0.0	0.0	0.0	0.0	0.0	0.0	0.0	0.0	0.0	0.0	0.0	13.0	19.0	14.0	19.0	6.0	0.0	
3	14196.92	37013.20000000003	0.0	0.0	0.0	0.0	0.0	0.0	0.0	0.0	0.0	0.0	0.0	0.0	0.0	0.0	13469.76000000003	3614.0699999999983	66672.0	1493481.4300000009	54864.640000000174	0.0	9.0	7.0	0.0	0.0	0.0	0.0	0.0	0.0	0.0	0.0	0.0	0.0	0.0	0.0	0.0	0.0	9.0	12.0	9.0	12.0	7.0	0.0	
4	13588.840000000042	42744.999999999985	0.0	0.0	0.0	0.0	0.0	0.0	0.0	0.0	0.0	0.0	0.0	0.0	0.0	0.0	12892.319999999996	4004.3499999999854	62157.0	1456178.6800000034	76403.00000000012	0.0	11.0	10.0	0.0	0.0	0.0	0.0	0.0	0.0	0.0	0.0	0.0	0.0	0.0	0.0	0.0	0.0	11.0	16.0	12.0	17.0	7.0	0.0	
5	11761.859999999973	41325.0	0.0	0.0	0.0	0.0	0.0	0.0	0.0	0.0	0.0	0.0	0.0	0.0	0.0	0.0	11092.48	3612.4499999999803	54611.0	1435514.0600000103	65493.129999999954	0.0	8.0	9.0	0.0	0.0	0.0	0.0	0.0	0.0	0.0	0.0	0.0	0.0	0.0	0.0	0.0	0.0	8.0	12.0	8.0	12.0	7.0	0.0	
6	16979.60000000001	54809.800000000025	0.0	0.0	0.0	0.0	0.0	0.0	0.0	0.0	0.0	0.0	0.0	0.0	0.0	0.0	16017.319999999998	3861.1900000000005	79292.0	1821504.499999998	90984.79000000021	0.0	10.0	10.0	0.0	0.0	0.0	0.0	0.0	0.0	0.0	0.0	0.0	0.0	0.0	0.0	0.0	0.0	10.0	10.0	11.0	12.0	8.0	0.0	
7	13055.979999999987	44386.39999999997	0.0	0.0	0.0	0.0	0.0	0.0	0.0	0.0	0.0	0.0	0.0	0.0	0.0	0.0	12344.400000000003	4160.280000000013	61496.0	1866334.9899999925	75789.08000000012	0.0	7.0	8.0	0.0	0.0	0.0	0.0	0.0	0.0	0.0	0.0	0.0	0.0	0.0	0.0	0.0	0.0	7.0	12.0	8.0	13.0	7.0	0.0	
8	13723.91999999998	44840.799999999974	0.0	0.0	0.0	0.0	0.0	0.0	0.0	0.0	0.0	0.0	0.0	0.0	0.0	0.0	12889.640000000018	3501.4500000000003	64402.0	1358689.7100000016	77795.92000000003	0.0	7.0	7.0	0.0	0.0	0.0	0.0	0.0	0.0	0.0	0.0	0.0	0.0	0.0	0.0	0.0	0.0	7.0	9.0	7.0	11.0	6.0	0.0	
9	13447.180000000002	46320.19999999992	0.0	0.0	0.0	0.0	0.0	0.0	0.0	0.0	0.0	0.0	0.0	0.0	0.0	0.0	12723.04	3925.4499999999985	63054.0	1631153.5500000108	79599.31000000014	0.0	8.0	8.0	0.0	0.0	0.0	0.0	0.0	0.0	0.0	0.0	0.0	0.0	0.0	0.0	0.0	0.0	8.0	10.0	9.0	11.0	6.0	0.0	
10	17652.999999999996	47686.4	0.0	0.0	0.0	0.0	0.0	0.0	0.0	0.0	0.0	0.0	0.0	0.0	0.0	0.0	16738.000000000004	4659.070000000016	83350.0	2276386.47999999	76005.32000000002	0.0	10.0	8.0	0.0	0.0	0.0	0.0	0.0	0.0	0.0	0.0	0.0	0.0	0.0	0.0	0.0	0.0	10.0	13.0	10.0	16.0	6.0	0.0	
11	16248.059999999992	47620.39999999997	0.0	0.0	0.0	0.0	0.0	0.0	0.0	0.0	0.0	0.0	0.0	0.0	0.0	0.0	15377.240000000036	4258.560000000025	76492.0	1688196.7500000014	94962.48000000021	0.0	9.0	8.0	0.0	0.0	0.0	0.0	0.0	0.0	0.0	0.0	0.0	0.0	0.0	0.0	0.0	0.0	9.0	12.0	10.0	12.0	8.0	0.0	
12	13656.480000000021	42201.800000000054	0.0	0.0	0.0	0.0	0.0	0.0	0.0	0.0	0.0	0.0	0.0	0.0	0.0	0.0	12862.36	3246.739999999993	63801.0	1412313.06	74011.27000000031	0.0	8.0	8.0	0.0	0.0	0.0	0.0	0.0	0.0	0.0	0.0	0.0	0.0	0.0	0.0	0.0	0.0	8.0	8.0	9.0	9.0	7.0	0.0	
13	11126.879999999983	36768.99999999996	0.0	0.0	0.0	0.0	0.0	0.0	0.0	0.0	0.0	0.0	0.0	0.0	0.0	0.0	10481.4	3212.819999999986	52198.0	1124432.4400000004	72604.37000000024	0.0	6.0	7.0	0.0	0.0	0.0	0.0	0.0	0.0	0.0	0.0	0.0	0.0	0.0	0.0	0.0	0.0	6.0	9.0	7.0	8.0	7.0	0.0	
14	16832.280000000024	59146.0	0.0	0.0	0.0	0.0	0.0	0.0	0.0	0.0	0.0	0.0	0.0	0.0	0.0	0.0	15929.360000000026	4076.2099999999996	79549.0	1788478.5799999866	77604.07000000011	0.0	9.0	10.0	0.0	0.0	0.0	0.0	0.0	0.0	0.0	0.0	0.0	0.0	0.0	0.0	0.0	0.0	9.0	11.0	7.0	12.0	6.0	0.0	
15	13031.920000000004	41617.39999999999	0.0	0.0	0.0	0.0	0.0	0.0	0.0	0.0	0.0	0.0	0.0	0.0	0.0	0.0	12360.839999999984	4007.760000000004	59996.0	1511113.9899999925	67975.58000000022	0.0	11.0	11.0	0.0	0.0	0.0	0.0	0.0	0.0	0.0	0.0	0.0	0.0	0.0	0.0	0.0	0.0	11.0	15.0	11.0	16.0	8.0	0.0	
16	15321.679999999982	42986.199999999924	0.0	0.0	0.0	0.0	0.0	0.0	0.0	0.0	0.0	0.0	0.0	0.0	0.0	0.0	14445.000000000035	2914.8399999999897	71650.0	1250323.4100000034	67691.81999999986	0.0	9.0	7.0	0.0	0.0	0.0	0.0	0.0	0.0	0.0	0.0	0.0	0.0	0.0	0.0	0.0	0.0	9.0	10.0	10.0	11.0	6.0	0.0	
17	17431.06000000006	62327.20000000002	0.0	0.0	0.0	0.0	0.0	0.0	0.0	0.0	0.0	0.0	0.0	0.0	0.0	0.0	16441.92000000003	4640.880000000011	82081.0	2199282.229999987	74726.31999999996	0.0	9.0	10.0	0.0	0.0	0.0	0.0	0.0	0.0	0.0	0.0	0.0	0.0	0.0	0.0	0.0	0.0	9.0	12.0	10.0	14.0	6.0	0.0	
18	11396.240000000014	33791.39999999997	0.0	0.0	0.0	0.0	0.0	0.0	0.0	0.0	0.0	0.0	0.0	0.0	0.0	0.0	10730.799999999997	2886.1899999999887	53583.0	1405432.660000006	69111.51	0.0	6.0	6.0	0.0	0.0	0.0	0.0	0.0	0.0	0.0	0.0	0.0	0.0	0.0	0.0	0.0	0.0	6.0	7.0	6.0	9.0	6.0	0.0	
19	17092.339999999993	57536.60000000003	0.0	0.0	0.0	0.0	0.0	0.0	0.0	0.0	0.0	0.0	0.0	0.0	0.0	0.0	16163.759999999995	3944.479999999997	79913.0	1486429.0200000042	80778.37000000029	0.0	11.0	11.0	0.0	0.0	0.0	0.0	0.0	0.0	0.0	0.0	0.0	0.0	0.0	0.0	0.0	0.0	11.0	14.0	11.0	12.0	8.0	0.0	
20	11266.919999999996	38664.19999999998	0.0	0.0	0.0	0.0	0.0	0.0	0.0	0.0	0.0	0.0	0.0	0.0	0.0	0.0	10646.760000000006	3536.5799999999786	52702.0	1477076.3600000022	62050.24000000001	0.0	7.0	8.0	0.0	0.0	0.0	0.0	0.0	0.0	0.0	0.0	0.0	0.0	0.0	0.0	0.0	0.0	7.0	12.0	7.0	13.0	5.0	0.0	
21	13148.600000000042	40069.999999999985	0.0	0.0	0.0	0.0	0.0	0.0	0.0	0.0	0.0	0.0	0.0	0.0	0.0	0.0	12470.44000000001	3402.8300000000254	60823.0	1465379.6799999948	57701.63999999979	0.0	9.0	8.0	0.0	0.0	0.0	0.0	0.0	0.0	0.0	0.0	0.0	0.0	0.0	0.0	0.0	0.0	9.0	11.0	10.0	13.0	5.0	0.0	
22	15174.159999999965	47985.39999999992	0.0	0.0	0.0	0.0	0.0	0.0	0.0	0.0	0.0	0.0	0.0	0.0	0.0	0.0	14410.840000000013	3831.1799999999603	71173.0	1353917.199999998	90460.40000000008	0.0	10.0	10.0	0.0	0.0	0.0	0.0	0.0	0.0	0.0	0.0	0.0	0.0	0.0	0.0	0.0	0.0	10.0	15.0	10.0	13.0	8.0	0.0	
23	20009.500000000065	59703.400000000074	0.0	0.0	0.0	0.0	0.0	0.0	0.0	0.0	0.0	0.0	0.0	0.0	0.0	0.0	19014.519999999975	4395.55	93399.0	1999342.4899999923	91420.84000000029	0.0	14.0	13.0	0.0	0.0	0.0	0.0	0.0	0.0	0.0	0.0	0.0	0.0	0.0	0.0	0.0	0.0	14.0	13.0	15.0	15.0	9.0	0.0	
24	19061.68000000006	56716.20000000011	0.0	0.0	0.0	0.0	0.0	0.0	0.0	0.0	0.0	0.0	0.0	0.0	0.0	0.0	18007.359999999982	5348.480000000002	89894.0	2076015.1799999948	80072.54000000028	0.0	10.0	9.0	0.0	0.0	0.0	0.0	0.0	0.0	0.0	0.0	0.0	0.0	0.0	0.0	0.0	0.0	10.0	14.0	11.0	13.0	6.0	0.0	
25	13215.73999999998	37946.80000000001	0.0	0.0	0.0	0.0	0.0	0.0	0.0	0.0	0.0	0.0	0.0	0.0	0.0	0.0	12455.440000000026	3288.419999999979	60375.0	1477376.6100000045	64826.85999999981	0.0	11.0	10.0	0.0	0.0	0.0	0.0	0.0	0.0	0.0	0.0	0.0	0.0	0.0	0.0	0.0	0.0	11.0	9.0	12.0	11.0	6.0	0.0	
26	13898.639999999974	48372.79999999999	0.0	0.0	0.0	0.0	0.0	0.0	0.0	0.0	0.0	0.0	0.0	0.0	0.0	0.0	13054.760000000037	3343.9399999999687	65275.0	1316223.590000007	57599.32000000013	0.0	7.0	8.0	0.0	0.0	0.0	0.0	0.0	0.0	0.0	0.0	0.0	0.0	0.0	0.0	0.0	0.0	7.0	8.0	7.0	8.0	5.0	0.0	
27	15057.879999999976	50623.400000000045	0.0	0.0	0.0	0.0	0.0	0.0	0.0	0.0	0.0	0.0	0.0	0.0	0.0	0.0	14229.760000000026	3961.6299999999683	71054.0	1748980.4000000062	69366.11999999992	0.0	8.0	8.0	0.0	0.0	0.0	0.0	0.0	0.0	0.0	0.0	0.0	0.0	0.0	0.0	0.0	0.0	8.0	10.0	8.0	11.0	5.0	0.0	
28	15587.39999999999	46999.99999999998	0.0	0.0	0.0	0.0	0.0	0.0	0.0	0.0	0.0	0.0	0.0	0.0	0.0	0.0	14770.080000000005	3134.249999999986	73450.0	1333124.3400000057	92134.70000000014	0.0	9.0	8.0	0.0	0.0	0.0	0.0	0.0	0.0	0.0	0.0	0.0	0.0	0.0	0.0	0.0	0.0	9.0	9.0	10.0	10.0	7.0	0.0	
29	19747.61999999999	54631.60000000003	0.0	0.0	0.0	0.0	0.0	0.0	0.0	0.0	0.0	0.0	0.0	0.0	0.0	0.0	18700.999999999996	4580.060000000011	92758.0	1849757.9099999897	64966.35999999996	0.0	12.0	10.0	0.0	0.0	0.0	0.0	0.0	0.0	0.0	0.0	0.0	0.0	0.0	0.0	0.0	0.0	12.0	14.0	13.0	14.0	5.0	0.0	
30	12209.480000000003	35167.20000000001	0.0	0.0	0.0	0.0	0.0	0.0	0.0	0.0	0.0	0.0	0.0	0.0	0.0	0.0	11570.880000000008	3569.4499999999994	56260.0	1255055.2200000002	72924.12000000024	0.0	9.0	9.0	0.0	0.0	0.0	0.0	0.0	0.0	0.0	0.0	0.0	0.0	0.0	0.0	0.0	0.0	9.0	14.0	10.0	15.0	7.0	0.0	
31	11960.24	38069.1999999999	0.0	0.0	0.0	0.0	0.0	0.0	0.0	0.0	0.0	0.0	0.0	0.0	0.0	0.0	11331.559999999981	3308.499999999975	55647.0	1321707.5600000077	67653.44999999994	0.0	8.0	7.0	0.0	0.0	0.0	0.0	0.0	0.0	0.0	0.0	0.0	0.0	0.0	0.0	0.0	0.0	8.0	10.0	9.0	11.0	6.0	0.0	
32	20113.24000000001	67129.40000000004	0.0	0.0	0.0	0.0	0.0	0.0	0.0	0.0	0.0	0.0	0.0	0.0	0.0	0.0	19134.920000000042	4827.0399999999945	94002.0	2051613.179999995	76646.0100000002	0.0	14.0	14.0	0.0	0.0	0.0	0.0	0.0	0.0	0.0	0.0	0.0	0.0	0.0	0.0	0.0	0.0	14.0	16.0	15.0	18.0	7.0	0.0	
33	13447.179999999982	47779.8	0.0	0.0	0.0	0.0	0.0	0.0	0.0	0.0	0.0	0.0	0.0	0.0	0.0	0.0	12692.080000000024	2884.6699999999687	62937.0	1245571.250000008	71861.36000000002	0.0	8.0	9.0	0.0	0.0	0.0	0.0	0.0	0.0	0.0	0.0	0.0	0.0	0.0	0.0	0.0	0.0	8.0	8.0	9.0	10.0	6.0	0.0	
34	13929.480000000001	48360.59999999992	0.0	0.0	0.0	0.0	0.0	0.0	0.0	0.0	0.0	0.0	0.0	0.0	0.0	0.0	13184.000000000002	3625.2100000000273	65591.0	1771041.4499999853	76005.32000000011	0.0	8.0	9.0	0.0	0.0	0.0	0.0	0.0	0.0	0.0	0.0	0.0	0.0	0.0	0.0	0.0	0.0	8.0	10.0	8.0	13.0	6.0	0.0	
35	14824.92000000002	47145.200000000004	0.0	0.0	0.0	0.0	0.0	0.0	0.0	0.0	0.0	0.0	0.0	0.0	0.0	0.0	14061.200000000019	3894.940000000013	70217.0	1802411.3899999955	67818.52999999987	0.0	8.0	8.0	0.0	0.0	0.0	0.0	0.0	0.0	0.0	0.0	0.0	0.0	0.0	0.0	0.0	0.0	8.0	10.0	8.0	12.0	5.0	0.0	
36	12509.579999999989	37076.59999999996	0.0	0.0	0.0	0.0	0.0	0.0	0.0	0.0	0.0	0.0	0.0	0.0	0.0	0.0	11808.719999999987	4198.0400000000245	57080.0	1498084.999999994	67795.33000000023	0.0	11.0	11.0	0.0	0.0	0.0	0.0	0.0	0.0	0.0	0.0	0.0	0.0	0.0	0.0	0.0	0.0	11.0	17.0	11.0	18.0	7.0	0.0	
37	17811.24000000001	53991.39999999999	0.0	0.0	0.0	0.0	0.0	0.0	0.0	0.0	0.0	0.0	0.0	0.0	0.0	0.0	16901.64000000001	3899.730000000009	83424.0	1778029.7399999967	93773.01000000031	0.0	11.0	10.0	0.0	0.0	0.0	0.0	0.0	0.0	0.0	0.0	0.0	0.0	0.0	0.0	0.0	0.0	11.0	12.0	12.0	14.0	8.0	0.0	
38	14402.679999999977	40392.39999999996	0.0	0.0	0.0	0.0	0.0	0.0	0.0	0.0	0.0	0.0	0.0	0.0	0.0	0.0	13565.840000000007	3688.119999999979	67320.0	1489181.180000003	66924.41999999987	0.0	8.0	7.0	0.0	0.0	0.0	0.0	0.0	0.0	0.0	0.0	0.0	0.0	0.0	0.0	0.0	0.0	8.0	10.0	9.0	12.0	6.0	0.0	
39	14162.53999999999	51462.600000000006	0.0	0.0	0.0	0.0	0.0	0.0	0.0	0.0	0.0	0.0	0.0	0.0	0.0	0.0	13388.440000000017	3998.0800000000027	66995.0	1756892.8600000064	86673.37000000027	0.0	7.0	9.0	0.0	0.0	0.0	0.0	0.0	0.0	0.0	0.0	0.0	0.0	0.0	0.0	0.0	0.0	7.0	10.0	8.0	11.0	7.0	0.0	
40	13297.640000000025	46626.80000000006	0.0	0.0	0.0	0.0	0.0	0.0	0.0	0.0	0.0	0.0	0.0	0.0	0.0	0.0	12574.12	3916.6699999999996	61059.0	1560028.9499999979	82850.34999999995	0.0	11.0	11.0	0.0	0.0	0.0	0.0	0.0	0.0	0.0	0.0	0.0	0.0	0.0	0.0	0.0	0.0	11.0	14.0	12.0	15.0	8.0	0.0	
41	14271.54	45641.399999999965	0.0	0.0	0.0	0.0	0.0	0.0	0.0	0.0	0.0	0.0	0.0	0.0	0.0	0.0	13507.600000000017	4556.399999999983	66870.0	1818731.9899999984	78256.36000000016	0.0	9.0	9.0	0.0	0.0	0.0	0.0	0.0	0.0	0.0	0.0	0.0	0.0	0.0	0.0	0.0	0.0	9.0	15.0	9.0	15.0	6.0	0.0	
42	15745.640000000009	47641.20000000003	0.0	0.0	0.0	0.0	0.0	0.0	0.0	0.0	0.0	0.0	0.0	0.0	0.0	0.0	14851.159999999998	5151.680000000012	73459.0	2134866.01999999	63521.08999999989	0.0	10.0	9.0	0.0	0.0	0.0	0.0	0.0	0.0	0.0	0.0	0.0	0.0	0.0	0.0	0.0	0.0	10.0	17.0	10.0	18.0	5.0	0.0	
43	14968.599999999979	53892.400000000074	0.0	0.0	0.0	0.0	0.0	0.0	0.0	0.0	0.0	0.0	0.0	0.0	0.0	0.0	14188.719999999996	3449.8799999999687	70425.0	1646462.440000016	89040.7100000002	0.0	9.0	10.0	0.0	0.0	0.0	0.0	0.0	0.0	0.0	0.0	0.0	0.0	0.0	0.0	0.0	0.0	9.0	9.0	9.0	11.0	8.0	0.0	
44	13514.519999999968	39951.200000000004	0.0	0.0	0.0	0.0	0.0	0.0	0.0	0.0	0.0	0.0	0.0	0.0	0.0	0.0	12786.679999999988	3258.9199999999996	63279.0	1109339.3300000033	67346.4900000001	0.0	8.0	8.0	0.0	0.0	0.0	0.0	0.0	0.0	0.0	0.0	0.0	0.0	0.0	0.0	0.0	0.0	8.0	11.0	9.0	10.0	6.0	0.0	
45	13119.579999999982	42545.000000000065	0.0	0.0	0.0	0.0	0.0	0.0	0.0	0.0	0.0	0.0	0.0	0.0	0.0	0.0	12334.320000000007	3404.8899999999867	61047.0	1440846.3700000038	64007.10999999996	0.0	8.0	8.0	0.0	0.0	0.0	0.0	0.0	0.0	0.0	0.0	0.0	0.0	0.0	0.0	0.0	0.0	8.0	10.0	9.0	12.0	5.0	0.0	
46	14728.360000000013	47258.399999999965	0.0	0.0	0.0	0.0	0.0	0.0	0.0	0.0	0.0	0.0	0.0	0.0	0.0	0.0	13915.24000000003	3209.579999999981	68967.0	1445618.8800000038	81980.63000000024	0.0	9.0	9.0	0.0	0.0	0.0	0.0	0.0	0.0	0.0	0.0	0.0	0.0	0.0	0.0	0.0	0.0	9.0	9.0	9.0	10.0	8.0	0.0	
47	13325.03999999999	44348.799999999945	0.0	0.0	0.0	0.0	0.0	0.0	0.0	0.0	0.0	0.0	0.0	0.0	0.0	0.0	12556.679999999998	3673.5699999999956	61184.0	1487740.9800000042	75687.94999999995	0.0	10.0	10.0	0.0	0.0	0.0	0.0	0.0	0.0	0.0	0.0	0.0	0.0	0.0	0.0	0.0	0.0	10.0	13.0	11.0	13.0	8.0	0.0	
48	13091.980000000021	42717.60000000008	0.0	0.0	0.0	0.0	0.0	0.0	0.0	0.0	0.0	0.0	0.0	0.0	0.0	0.0	12391.800000000001	3890.6499999999824	59925.0	1720578.4000000036	71503.24000000003	0.0	11.0	9.0	0.0	0.0	0.0	0.0	0.0	0.0	0.0	0.0	0.0	0.0	0.0	0.0	0.0	0.0	11.0	13.0	12.0	14.0	6.0	0.0	
49	13998.540000000014	49609.00000000001	0.0	0.0	0.0	0.0	0.0	0.0	0.0	0.0	0.0	0.0	0.0	0.0	0.0	0.0	13163.600000000011	3683.659999999964	65025.0	1363313.6300000008	71004.43000000004	0.0	9.0	10.0	0.0	0.0	0.0	0.0	0.0	0.0	0.0	0.0	0.0	0.0	0.0	0.0	0.0	0.0	9.0	14.0	9.0	14.0	6.0	0.0	
50	13214.019999999997	38958.59999999999	0.0	0.0	0.0	0.0	0.0	0.0	0.0	0.0	0.0	0.0	0.0	0.0	0.0	0.0	12484.440000000024	2840.419999999982	60833.0	961454.5000000023	81060.93999999992	0.0	10.0	12.0	0.0	0.0	0.0	0.0	0.0	0.0	0.0	0.0	0.0	0.0	0.0	0.0	0.0	0.0	10.0	11.0	11.0	12.0	9.0	0.0	
51	15380.119999999994	52425.20000000001	0.0	0.0	0.0	0.0	0.0	0.0	0.0	0.0	0.0	0.0	0.0	0.0	0.0	0.0	14537.400000000018	3005.970000000004	73096.0	1608920.4899999981	86635.00000000017	0.0	7.0	8.0	0.0	0.0	0.0	0.0	0.0	0.0	0.0	0.0	0.0	0.0	0.0	0.0	0.0	0.0	7.0	6.0	7.0	9.0	7.0	0.0	
52	13538.180000000004	46024.19999999997	0.0	0.0	0.0	0.0	0.0	0.0	0.0	0.0	0.0	0.0	0.0	0.0	0.0	0.0	12752.280000000019	3087.269999999988	63225.0	1535967.9000000076	76863.44000000013	0.0	8.0	9.0	0.0	0.0	0.0	0.0	0.0	0.0	0.0	0.0	0.0	0.0	0.0	0.0	0.0	0.0	8.0	9.0	9.0	12.0	7.0	0.0	
53	13672.859999999991	51277.800000000054	0.0	0.0	0.0	0.0	0.0	0.0	0.0	0.0	0.0	0.0	0.0	0.0	0.0	0.0	12922.56000000002	3888.2200000000125	64214.0	1618124.5600000008	76491.34000000007	0.0	8.0	9.0	0.0	0.0	0.0	0.0	0.0	0.0	0.0	0.0	0.0	0.0	0.0	0.0	0.0	0.0	8.0	13.0	8.0	13.0	6.0	0.0	
54	12901.280000000004	37758.000000000015	0.0	0.0	0.0	0.0	0.0	0.0	0.0	0.0	0.0	0.0	0.0	0.0	0.0	0.0	12181.000000000016	3154.939999999983	60389.0	1366386.390000008	65119.83999999985	0.0	7.0	6.0	0.0	0.0	0.0	0.0	0.0	0.0	0.0	0.0	0.0	0.0	0.0	0.0	0.0	0.0	7.0	8.0	8.0	9.0	5.0	0.0	
55	10338.720000000018	37939.19999999998	0.0	0.0	0.0	0.0	0.0	0.0	0.0	0.0	0.0	0.0	0.0	0.0	0.0	0.0	9747.199999999993	2540.0499999999797	47699.0	1041631.5100000002	65938.39999999989	0.0	7.0	9.0	0.0	0.0	0.0	0.0	0.0	0.0	0.0	0.0	0.0	0.0	0.0	0.0	0.0	0.0	7.0	7.0	8.0	9.0	5.0	0.0	
56	14206.020000000013	49179.0	0.0	0.0	0.0	0.0	0.0	0.0	0.0	0.0	0.0	0.0	0.0	0.0	0.0	0.0	13442.240000000014	3586.5999999999985	66115.0	1365806.2400000049	85638.57000000023	0.0	9.0	9.0	0.0	0.0	0.0	0.0	0.0	0.0	0.0	0.0	0.0	0.0	0.0	0.0	0.0	0.0	9.0	10.0	10.0	10.0	8.0	0.0	
57	16821.36000000004	54366.60000000001	0.0	0.0	0.0	0.0	0.0	0.0	0.0	0.0	0.0	0.0	0.0	0.0	0.0	0.0	15881.200000000046	4863.460000000015	79021.0	2122393.759999995	77987.76999999997	0.0	9.0	9.0	0.0	0.0	0.0	0.0	0.0	0.0	0.0	0.0	0.0	0.0	0.0	0.0	0.0	0.0	9.0	13.0	10.0	14.0	6.0	0.0	
58	11772.780000000008	37700.59999999993	0.0	0.0	0.0	0.0	0.0	0.0	0.0	0.0	0.0	0.0	0.0	0.0	0.0	0.0	11181.920000000007	2380.8499999999794	55062.0	993232.5800000028	72463.67999999992	0.0	8.0	8.0	0.0	0.0	0.0	0.0	0.0	0.0	0.0	0.0	0.0	0.0	0.0	0.0	0.0	0.0	8.0	8.0	9.0	10.0	7.0	0.0	
59	11816.360000000015	42640.400000000016	0.0	0.0	0.0	0.0	0.0	0.0	0.0	0.0	0.0	0.0	0.0	0.0	0.0	0.0	11151.199999999986	2570.2899999999913	54145.0	1163694.4900000012	76198.36000000002	0.0	9.0	11.0	0.0	0.0	0.0	0.0	0.0	0.0	0.0	0.0	0.0	0.0	0.0	0.0	0.0	0.0	9.0	7.0	10.0	10.0	7.0	0.0	
60	14711.77999999997	41524.0	0.0	0.0	0.0	0.0	0.0	0.0	0.0	0.0	0.0	0.0	0.0	0.0	0.0	0.0	13919.160000000016	3661.2499999999736	68482.0	1570285.4299999988	70582.35999999996	0.0	11.0	10.0	0.0	0.0	0.0	0.0	0.0	0.0	0.0	0.0	0.0	0.0	0.0	0.0	0.0	0.0	11.0	14.0	10.0	16.0	6.0	0.0	
61	13594.5	40624.39999999997	0.0	0.0	0.0	0.0	0.0	0.0	0.0	0.0	0.0	0.0	0.0	0.0	0.0	0.0	12872.919999999998	2749.1299999999933	63514.0	1184335.6900000107	67896.46	0.0	9.0	8.0	0.0	0.0	0.0	0.0	0.0	0.0	0.0	0.0	0.0	0.0	0.0	0.0	0.0	0.0	9.0	8.0	10.0	10.0	6.0	0.0	
62	16127.839999999975	48736.79999999996	0.0	0.0	0.0	0.0	0.0	0.0	0.0	0.0	0.0	0.0	0.0	0.0	0.0	0.0	15276.000000000027	3912.3200000000165	75575.0	1848961.9799999893	71707.88000000006	0.0	10.0	9.0	0.0	0.0	0.0	0.0	0.0	0.0	0.0	0.0	0.0	0.0	0.0	0.0	0.0	0.0	10.0	11.0	11.0	13.0	6.0	0.0	
63	13374.38	46783.20000000001	0.0	0.0	0.0	0.0	0.0	0.0	0.0	0.0	0.0	0.0	0.0	0.0	0.0	0.0	12661.120000000017	3295.1000000000017	62855.0	1286725.410000005	65786.11	0.0	8.0	9.0	0.0	0.0	0.0	0.0	0.0	0.0	0.0	0.0	0.0	0.0	0.0	0.0	0.0	0.0	8.0	11.0	8.0	12.0	6.0	0.0	
64	16759.38000000004	54875.800000000025	0.0	0.0	0.0	0.0	0.0	0.0	0.0	0.0	0.0	0.0	0.0	0.0	0.0	0.0	15869.400000000016	4099.800000000014	78572.0	1754700.4999999907	73178.73000000007	0.0	10.0	10.0	0.0	0.0	0.0	0.0	0.0	0.0	0.0	0.0	0.0	0.0	0.0	0.0	0.0	0.0	10.0	12.0	11.0	13.0	6.0	0.0	
65	21494.71999999999	74970.19999999998	0.0	0.0	0.0	0.0	0.0	0.0	0.0	0.0	0.0	0.0	0.0	0.0	0.0	0.0	20393.72000000002	5899.679999999986	101218.0	2487314.50999999	85343.2100000003	0.0	13.0	14.0	0.0	0.0	0.0	0.0	0.0	0.0	0.0	0.0	0.0	0.0	0.0	0.0	0.0	0.0	13.0	18.0	13.0	18.0	7.0	0.0	
66	28028.319999999952	88744.40000000018	0.0	0.0	0.0	0.0	0.0	0.0	0.0	0.0	0.0	0.0	0.0	0.0	0.0	0.0	26658.440000000093	5849.159999999982	133243.0	2667881.2400000026	96982.1100000005	0.0	15.0	14.0	0.0	0.0	0.0	0.0	0.0	0.0	0.0	0.0	0.0	0.0	0.0	0.0	0.0	0.0	15.0	15.0	16.0	16.0	7.0	0.0	
67	14646.459999999981	52744.999999999905	0.0	0.0	0.0	0.0	0.0	0.0	0.0	0.0	0.0	0.0	0.0	0.0	0.0	0.0	13798.280000000026	3909.4499999999703	68696.0	1576390.2500000189	86519.89000000026	0.0	9.0	11.0	0.0	0.0	0.0	0.0	0.0	0.0	0.0	0.0	0.0	0.0	0.0	0.0	0.0	0.0	9.0	12.0	8.0	12.0	7.0	0.0	
68	15345.439999999975	49118.60000000002	0.0	0.0	0.0	0.0	0.0	0.0	0.0	0.0	0.0	0.0	0.0	0.0	0.0	0.0	14461.960000000048	4212.390000000015	72180.0	1547556.6900000037	97789.07000000014	0.0	8.0	8.0	0.0	0.0	0.0	0.0	0.0	0.0	0.0	0.0	0.0	0.0	0.0	0.0	0.0	0.0	8.0	12.0	9.0	11.0	8.0	0.0	
69	13263.460000000006	46188.199999999946	0.0	0.0	0.0	0.0	0.0	0.0	0.0	0.0	0.0	0.0	0.0	0.0	0.0	0.0	12439.000000000045	3983.059999999998	61919.0	1587011.1000000155	68406.8699999999	0.0	7.0	8.0	0.0	0.0	0.0	0.0	0.0	0.0	0.0	0.0	0.0	0.0	0.0	0.0	0.0	0.0	7.0	11.0	8.0	10.0	5.0	0.0	
70	18582.919999999987	66289.20000000004	0.0	0.0	0.0	0.0	0.0	0.0	0.0	0.0	0.0	0.0	0.0	0.0	0.0	0.0	17653.280000000017	5148.610000000014	87510.0	1691228.8100000015	75276.28999999996	0.0	11.0	12.0	0.0	0.0	0.0	0.0	0.0	0.0	0.0	0.0	0.0	0.0	0.0	0.0	0.0	0.0	11.0	16.0	12.0	13.0	6.0	0.0	
71	10962.980000000007	39587.19999999993	0.0	0.0	0.0	0.0	0.0	0.0	0.0	0.0	0.0	0.0	0.0	0.0	0.0	0.0	10323.400000000012	3037.289999999976	50066.0	1255052.1500000057	59991.04999999995	0.0	7.0	7.0	0.0	0.0	0.0	0.0	0.0	0.0	0.0	0.0	0.0	0.0	0.0	0.0	0.0	0.0	7.0	6.0	8.0	7.0	5.0	0.0	
72	13945.85999999998	41053.39999999998	0.0	0.0	0.0	0.0	0.0	0.0	0.0	0.0	0.0	0.0	0.0	0.0	0.0	0.0	13061.880000000017	3632.869999999977	64791.0	1459251.4400000086	61666.54000000002	0.0	8.0	8.0	0.0	0.0	0.0	0.0	0.0	0.0	0.0	0.0	0.0	0.0	0.0	0.0	0.0	0.0	8.0	11.0	9.0	12.0	5.0	0.0	
73	15177.79999999999	47266.000000000044	0.0	0.0	0.0	0.0	0.0	0.0	0.0	0.0	0.0	0.0	0.0	0.0	0.0	0.0	14400.520000000006	3149.199999999996	70976.0	1189647.649999998	68727.81000000004	0.0	10.0	10.0	0.0	0.0	0.0	0.0	0.0	0.0	0.0	0.0	0.0	0.0	0.0	0.0	0.0	0.0	10.0	10.0	11.0	13.0	6.0	0.0	
74	15174.160000000036	51966.199999999946	0.0	0.0	0.0	0.0	0.0	0.0	0.0	0.0	0.0	0.0	0.0	0.0	0.0	0.0	14383.319999999978	3602.5300000000316	70868.0	1505414.2399999949	76033.28000000032	0.0	10.0	11.0	0.0	0.0	0.0	0.0	0.0	0.0	0.0	0.0	0.0	0.0	0.0	0.0	0.0	0.0	10.0	10.0	11.0	11.0	8.0	0.0	
75	18311.539999999957	61003.600000000035	0.0	0.0	0.0	0.0	0.0	0.0	0.0	0.0	0.0	0.0	0.0	0.0	0.0	0.0	17433.599999999995	4400.61000000002	85747.0	1710193.679999994	73818.23000000016	0.0	13.0	13.0	0.0	0.0	0.0	0.0	0.0	0.0	0.0	0.0	0.0	0.0	0.0	0.0	0.0	0.0	13.0	15.0	13.0	15.0	6.0	0.0	
76	11259.840000000017	34740.80000000004	0.0	0.0	0.0	0.0	0.0	0.0	0.0	0.0	0.0	0.0	0.0	0.0	0.0	0.0	10596.400000000009	2485.309999999973	53169.0	1376943.1200000166	66104.66999999977	0.0	5.0	5.0	0.0	0.0	0.0	0.0	0.0	0.0	0.0	0.0	0.0	0.0	0.0	0.0	0.0	0.0	5.0	5.0	6.0	8.0	5.0	0.0	
77	15782.13999999999	50558.40000000001	0.0	0.0	0.0	0.0	0.0	0.0	0.0	0.0	0.0	0.0	0.0	0.0	0.0	0.0	14947.240000000013	3838.879999999986	74761.0	1772073.5100000051	71963.68000000011	0.0	9.0	9.0	0.0	0.0	0.0	0.0	0.0	0.0	0.0	0.0	0.0	0.0	0.0	0.0	0.0	0.0	9.0	11.0	7.0	13.0	6.0	0.0	
78	13665.480000000001	41693.60000000003	0.0	0.0	0.0	0.0	0.0	0.0	0.0	0.0	0.0	0.0	0.0	0.0	0.0	0.0	12912.480000000009	3814.8799999999896	63729.0	1654978.470000003	60566.600000000006	0.0	9.0	8.0	0.0	0.0	0.0	0.0	0.0	0.0	0.0	0.0	0.0	0.0	0.0	0.0	0.0	0.0	9.0	14.0	9.0	15.0	5.0	0.0	
79	16677.08000000002	54019.799999999974	0.0	0.0	0.0	0.0	0.0	0.0	0.0	0.0	0.0	0.0	0.0	0.0	0.0	0.0	15913.359999999971	3836.379999999991	77046.0	1569037.5900000022	77976.17000000029	0.0	14.0	12.0	0.0	0.0	0.0	0.0	0.0	0.0	0.0	0.0	0.0	0.0	0.0	0.0	0.0	0.0	14.0	13.0	15.0	14.0	7.0	0.0	
80	15432.69999999996	48565.20000000002	0.0	0.0	0.0	0.0	0.0	0.0	0.0	0.0	0.0	0.0	0.0	0.0	0.0	0.0	14584.320000000014	3653.559999999955	72469.0	1522615.2400000263	63292.05999999989	0.0	9.0	9.0	0.0	0.0	0.0	0.0	0.0	0.0	0.0	0.0	0.0	0.0	0.0	0.0	0.0	0.0	9.0	10.0	10.0	11.0	6.0	0.0	
81	19267.23999999999	52993.80000000006	0.0	0.0	0.0	0.0	0.0	0.0	0.0	0.0	0.0	0.0	0.0	0.0	0.0	0.0	18224.320000000018	4315.530000000028	90417.0	2293071.4499999825	79907.45999999999	0.0	11.0	9.0	0.0	0.0	0.0	0.0	0.0	0.0	0.0	0.0	0.0	0.0	0.0	0.0	0.0	0.0	11.0	12.0	12.0	16.0	7.0	0.0	
82	13101.479999999996	46749.200000000106	0.0	0.0	0.0	0.0	0.0	0.0	0.0	0.0	0.0	0.0	0.0	0.0	0.0	0.0	12380.520000000015	4109.250000000016	61872.0	1511090.5699999959	71285.80999999994	0.0	7.0	8.0	0.0	0.0	0.0	0.0	0.0	0.0	0.0	0.0	0.0	0.0	0.0	0.0	0.0	0.0	7.0	12.0	6.0	11.0	6.0	0.0	
83	15740.280000000002	51924.60000000009	0.0	0.0	0.0	0.0	0.0	0.0	0.0	0.0	0.0	0.0	0.0	0.0	0.0	0.0	14895.64000000001	4608.3100000000195	74133.0	1812839.8799999866	84281.64000000003	0.0	9.0	9.0	0.0	0.0	0.0	0.0	0.0	0.0	0.0	0.0	0.0	0.0	0.0	0.0	0.0	0.0	9.0	13.0	9.0	13.0	7.0	0.0	
84	11292.400000000018	32253.600000000006	0.0	0.0	0.0	0.0	0.0	0.0	0.0	0.0	0.0	0.0	0.0	0.0	0.0	0.0	10610.640000000007	3200.870000000005	52495.0	1302550.3300000008	58956.24999999995	0.0	7.0	6.0	0.0	0.0	0.0	0.0	0.0	0.0	0.0	0.0	0.0	0.0	0.0	0.0	0.0	0.0	7.0	11.0	7.0	12.0	6.0	0.0	
85	14531.800000000003	40599.999999999985	0.0	0.0	0.0	0.0	0.0	0.0	0.0	0.0	0.0	0.0	0.0	0.0	0.0	0.0	13624.56000000001	3162.3999999999837	67159.0	1393284.07000001	80955.05000000005	0.0	9.0	10.0	0.0	0.0	0.0	0.0	0.0	0.0	0.0	0.0	0.0	0.0	0.0	0.0	0.0	0.0	9.0	7.0	10.0	8.0	6.0	0.0	
86	13701.979999999972	43891.39999999995	0.0	0.0	0.0	0.0	0.0	0.0	0.0	0.0	0.0	0.0	0.0	0.0	0.0	0.0	12948.360000000035	3462.399999999997	64170.0	1655622.7399999993	82132.9200000001	0.0	8.0	8.0	0.0	0.0	0.0	0.0	0.0	0.0	0.0	0.0	0.0	0.0	0.0	0.0	0.0	0.0	8.0	10.0	9.0	13.0	7.0	0.0	
87	14793.579999999962	53241.00000000005	0.0	0.0	0.0	0.0	0.0	0.0	0.0	0.0	0.0	0.0	0.0	0.0	0.0	0.0	14093.120000000008	4213.6999999999925	68897.0	1562308.8500000052	73986.87999999995	0.0	12.0	12.0	0.0	0.0	0.0	0.0	0.0	0.0	0.0	0.0	0.0	0.0	0.0	0.0	0.0	0.0	12.0	17.0	11.0	17.0	8.0	0.0	
88	12782.78000000001	44993.599999999904	0.0	0.0	0.0	0.0	0.0	0.0	0.0	0.0	0.0	0.0	0.0	0.0	0.0	0.0	12102.36000000001	3906.580000000008	59517.0	1536871.7200000007	67166.23999999992	0.0	9.0	8.0	0.0	0.0	0.0	0.0	0.0	0.0	0.0	0.0	0.0	0.0	0.0	0.0	0.0	0.0	9.0	13.0	9.0	14.0	5.0	0.0	
89	14389.739999999967	42130.19999999997	0.0	0.0	0.0	0.0	0.0	0.0	0.0	0.0	0.0	0.0	0.0	0.0	0.0	0.0	13564.60000000003	3595.8099999999936	66691.0	1318655.1500000043	77862.25000000019	0.0	10.0	9.0	0.0	0.0	0.0	0.0	0.0	0.0	0.0	0.0	0.0	0.0	0.0	0.0	0.0	0.0	10.0	13.0	10.0	13.0	8.0	0.0	
90	18546.519999999975	55879.00000000001	0.0	0.0	0.0	0.0	0.0	0.0	0.0	0.0	0.0	0.0	0.0	0.0	0.0	0.0	17570.719999999994	4057.4100000000053	87132.0	1671275.6499999966	69752.20000000004	0.0	11.0	10.0	0.0	0.0	0.0	0.0	0.0	0.0	0.0	0.0	0.0	0.0	0.0	0.0	0.0	0.0	11.0	12.0	12.0	13.0	7.0	0.0	
91	14240.50000000003	44896.599999999955	0.0	0.0	0.0	0.0	0.0	0.0	0.0	0.0	0.0	0.0	0.0	0.0	0.0	0.0	13473.439999999984	3945.5600000000236	66152.0	1557964.8299999903	70559.16000000018	0.0	10.0	10.0	0.0	0.0	0.0	0.0	0.0	0.0	0.0	0.0	0.0	0.0	0.0	0.0	0.0	0.0	10.0	14.0	11.0	15.0	8.0	0.0	
92	17647.439999999984	48221.99999999994	0.0	0.0	0.0	0.0	0.0	0.0	0.0	0.0	0.0	0.0	0.0	0.0	0.0	0.0	16800.16000000005	3629.089999999985	83315.0	1590946.9800000058	81723.64000000014	0.0	11.0	9.0	0.0	0.0	0.0	0.0	0.0	0.0	0.0	0.0	0.0	0.0	0.0	0.0	0.0	0.0	11.0	11.0	11.0	13.0	7.0	0.0	
93	15519.860000000011	54335.60000000001	0.0	0.0	0.0	0.0	0.0	0.0	0.0	0.0	0.0	0.0	0.0	0.0	0.0	0.0	14662.200000000004	3531.079999999989	71634.0	1632057.3700000055	74458.92000000013	0.0	11.0	11.0	0.0	0.0	0.0	0.0	0.0	0.0	0.0	0.0	0.0	0.0	0.0	0.0	0.0	0.0	11.0	11.0	12.0	13.0	7.0	0.0	
94	13437.980000000036	41060.00000000005	0.0	0.0	0.0	0.0	0.0	0.0	0.0	0.0	0.0	0.0	0.0	0.0	0.0	0.0	12754.240000000016	3403.809999999981	62479.0	1503113.9900000049	70275.40000000001	0.0	9.0	8.0	0.0	0.0	0.0	0.0	0.0	0.0	0.0	0.0	0.0	0.0	0.0	0.0	0.0	0.0	9.0	10.0	10.0	12.0	6.0	0.0	
95	18515.479999999992	60322.800000000054	0.0	0.0	0.0	0.0	0.0	0.0	0.0	0.0	0.0	0.0	0.0	0.0	0.0	0.0	17557.199999999983	5057.519999999986	85882.0	1874871.3699999922	80343.51000000026	0.0	12.0	12.0	0.0	0.0	0.0	0.0	0.0	0.0	0.0	0.0	0.0	0.0	0.0	0.0	0.0	0.0	12.0	15.0	13.0	14.0	8.0	0.0	
96	16207.92000000001	44083.799999999974	0.0	0.0	0.0	0.0	0.0	0.0	0.0	0.0	0.0	0.0	0.0	0.0	0.0	0.0	15331.039999999994	3988.5599999999795	75899.0	1510854.4400000088	80994.61000000012	0.0	10.0	9.0	0.0	0.0	0.0	0.0	0.0	0.0	0.0	0.0	0.0	0.0	0.0	0.0	0.0	0.0	10.0	12.0	11.0	12.0	7.0	0.0	
97	14803.079999999976	58961.20000000006	0.0	0.0	0.0	0.0	0.0	0.0	0.0	0.0	0.0	0.0	0.0	0.0	0.0	0.0	13975.20000000003	3262.3299999999886	69570.0	1415625.0200000072	90294.13000000021	0.0	8.0	10.0	0.0	0.0	0.0	0.0	0.0	0.0	0.0	0.0	0.0	0.0	0.0	0.0	0.0	0.0	8.0	10.0	9.0	11.0	8.0	0.0	
98	12300.580000000025	43733.99999999999	0.0	0.0	0.0	0.0	0.0	0.0	0.0	0.0	0.0	0.0	0.0	0.0	0.0	0.0	11586.120000000003	3551.939999999987	57096.0	1551749.0500000082	70300.98000000005	0.0	8.0	9.0	0.0	0.0	0.0	0.0	0.0	0.0	0.0	0.0	0.0	0.0	0.0	0.0	0.0	0.0	8.0	9.0	9.0	10.0	6.0	0.0	
99	19187.160000000025	66467.39999999998	0.0	0.0	0.0	0.0	0.0	0.0	0.0	0.0	0.0	0.0	0.0	0.0	0.0	0.0	18186.479999999967	4315.799999999977	90506.0	2037936.850000001	91713.82000000024	0.0	11.0	12.0	0.0	0.0	0.0	0.0	0.0	0.0	0.0	0.0	0.0	0.0	0.0	0.0	0.0	0.0	11.0	12.0	11.0	14.0	8.0	0.0	
